5056.6
5056.6
5056.6
5056.6
5056.6
5011.2
5011.2
5011.2
4996.7
4940.7
4940.7
4940.7
4897.8
4897.8
4897.8
4834.7
4833.8
4775.7
4775.7
4775.7
4743.0
4697.1
4673.3
4673.3
4673.3
4673.3
4673.3
4673.3
4673.3
4673.3
4673.3
4632.1
4632.1
4632.1
4614.6
4614.6
4614.6
4614.6
4614.6
4584.4
4584.4
4577.0
4577.0
4557.5
4557.5
4543.1
4531.7
4492.9
4492.9
4491.7
4491.7
4482.2
4472.8
4472.8
4472.8
4462.0
4462.0
4462.0
4441.8
4429.4
4425.0
4425.0
4425.0
4425.0
4425.0
4425.0
4383.1
4316.8
4316.8
4302.6
4299.6
4299.6
4278.4
4278.4
4278.4
4274.7
4274.7
4256.8
4256.8
4256.8
4256.8
4256.8
4256.8
4195.9
4195.9
4195.9
4178.3
4175.7
4091.1
4091.1
4057.7
4057.7
4057.7
4057.7
4057.7
4052.1
4044.4
4044.4
3998.4
3998.4
3998.4
3997.7
3997.7
3997.7
3997.7
3997.7
3997.7
3997.7
3974.8
3974.8
3974.8
3974.8
3974.8
3974.8
3974.8
3974.8
3974.8
3942.0
3942.0
3942.0
3942.0
3942.0
3942.0
3927.9
3927.9
3927.9
3891.2
3891.2
3891.2
3876.2
3876.2
3876.2
3866.3
3866.3
3865.3
3865.3
3838.9
3838.9
3838.9
3838.9
3790.0
3790.0
3777.7
3777.7
3777.7
3777.7
3777.7
3777.7
3759.0
3759.0
3759.0
3759.0
3759.0
3737.2
3737.2
3737.2
3737.2
3737.2
3721.8
3721.8
3721.8
3721.8
3721.8
3673.2
3673.2
3673.2
3667.7
3667.7
3667.7
3667.7
3667.7
3667.7
3667.7
3667.7
3666.5
3666.5
3666.5
3666.5
3666.5
3666.5
3666.5
3666.5
3666.5
3666.5
3666.5
3666.5
3666.5
3666.5
3666.3
3666.3
3655.8
3655.8
3655.8
3637.6
3602.2
3602.2
3602.2
3602.2
3602.2
3595.9
3595.9
3595.9
3553.6
3553.6
3553.6
3550.4
3550.4
3550.4
3550.4
3535.2
3535.2
3535.2
3535.2
3535.2
3535.2
3535.2
3511.2
3506.8
3506.8
3477.6
3477.6
3477.6
3477.6
3450.2
3443.5
3443.5
3443.5
3443.5
3443.5
3443.5
3437.7
3437.7
3437.7
3425.2
3425.2
3425.2
3425.2
3425.2
3425.2
3425.2
3425.2
3425.2
3425.2
3425.2
3425.2
3425.2
3419.2
3419.2
3419.2
3419.2
3419.2
3419.2
3419.2
3419.2
3419.2
3419.2
3419.2
3362.2
3362.2
3362.2
3362.2
3349.5
3349.5
3349.5
3349.5
3349.5
3349.5
3311.6
3306.2
3306.2
3306.2
3306.2
3306.2
3306.2
3271.2
3271.2
3271.2
3271.2
3271.2
3271.2
3271.2
3254.8
3254.8
3254.8
3254.8
3254.8
3217.9
3217.9
3202.9
3202.9
3202.9
3181.6
3181.6
3181.5
3169.6
3131.0
3131.0
3131.0
3131.0
3131.0
3131.0
3131.0
3100.5
3052.4
3037.5
3037.5
3037.5
3037.5
3037.5
3037.5
3037.5
3032.8
3032.8
3032.8
3032.8
3032.8
3032.8
3032.8
2999.2
2999.2
2999.2
2999.2
2999.2
2999.2
2999.2
2999.2
2999.2
2999.2
2999.2
2994.9
2994.9
2975.5
2975.5
2975.5
2973.7
2973.7
2973.7
2973.7
2969.3
2969.3
2958.8
2958.8
2958.8
2958.8
2958.8
2941.9
2941.9
2941.9
2941.9
2941.9
2941.9
2941.9
2941.9
2922.2
2894.1
2880.7
2880.7
2880.7
2880.7
2880.7
2880.7
2880.7
2880.7
2880.7
2880.7
2880.7
2880.7
2880.7
2880.7
2880.7
2880.7
2880.7
2880.7
2834.4
2834.4
2834.4
2834.4
2834.4
2834.4
2834.4
2834.4
2834.4
2834.4
2834.4
2834.4
2834.4
2834.4
2834.4
2834.4
2834.4
2834.4
2834.4
2834.4
2834.4
2834.4
2834.4
2796.0
2796.0
2796.0
2796.0
2796.0
2796.0
2796.0
2781.5
2781.5
2776.1
2776.1
2776.1
2776.1
2776.1
2776.1
2776.1
2772.7
2772.7
2757.8
2753.6
2753.6
2753.6
2753.6
2753.6
2743.0
2743.0
2712.2
2712.2
2712.2
2712.2
2712.2
2709.9
2709.9
2709.9
2709.9
2709.9
2709.9
2696.5
2643.4
2643.4
2643.4
2643.4
2643.4
2629.7
2622.9
2622.9
2622.9
2605.5
2605.5
2605.5
2605.5
2605.5
2605.5
2605.5
2605.5
2605.5
2605.5
2605.5
2605.5
2605.5
2605.5
2605.5
2605.5
2605.5
2605.5
2596.1
2596.1
2596.1
2596.1
2596.1
2596.1
2596.1
2596.1
2596.1
2596.1
2596.1
2596.1
2596.1
2573.1
2573.1
2573.1
2573.1
2573.1
2573.1
2573.1
2573.1
2568.0
2568.0
2568.0
2544.5
2544.5
2544.5
2544.5
2544.5
2544.5
2544.5
2544.5
2536.0
2536.0
2536.0
2536.0
2536.0
2536.0
2536.0
2536.0
2536.0
2536.0
2536.0
2506.1
2506.1
2506.1
2506.1
2506.1
2506.1
2506.1
2506.1
2506.1
2506.1
2505.5
2505.5
2505.5
2505.5
2505.5
2505.5
2505.5
2505.5
2505.5
2505.5
2505.5
2505.5
2476.9
2476.9
2476.9
2476.9
2476.9
2476.9
2476.9
2421.6
2421.6
2421.6
2421.6
2421.6
2421.6
2421.6
2421.6
2421.6
2421.6
2421.6
2408.3
2408.3
2408.3
2408.3
2408.3
2408.3
2408.3
2408.3
2408.3
2408.3
2408.3
2408.3
2408.3
2408.3
2408.3
2408.3
2405.1
2404.0
2404.0
2404.0
2404.0
2404.0
2403.7
2403.7
2403.7
2403.7
2403.7
2403.7
2403.7
2403.7
2403.7
2403.7
2403.7
2381.4
2381.4
2381.4
2372.2
2372.2
2372.2
2372.2
2372.2
2372.2
2372.2
2372.2
2372.2
2372.2
2372.2
2372.2
2372.2
2372.2
2372.2
2347.9
2340.4
2340.4
2323.1
2323.1
2314.4
2314.4
2314.4
2314.4
2314.4
2314.4
2314.4
2314.4
2314.4
2314.4
2314.4
2314.4
2314.4
2310.6
2310.6
2310.6
2309.2
2282.1
2282.1
2282.1
2282.1
2245.6
2245.6
2240.3
2240.3
2231.1
2231.1
2231.1
2231.1
2231.1
2231.1
2231.1
2231.1
2231.1
2231.1
2231.1
2230.7
2230.7
2222.8
2222.8
2222.8
2222.8
2222.8
2222.8
2222.8
2222.8
2222.8
2222.8
2222.8
2222.8
2222.8
2222.8
2222.8
2222.8
2222.8
2222.8
2222.8
2222.8
2222.8
2222.8
2210.0
2210.0
2210.0
2210.0
2210.0
2210.0
2210.0
2210.0
2210.0
2210.0
2210.0
2210.0
2210.0
2210.0
2210.0
2210.0
2210.0
2210.0
2203.3
2203.3
2203.3
2203.3
2203.3
2203.3
2203.3
2203.3
2203.3
2203.3
2203.3
2203.3
2203.3
2203.3
2203.3
2185.9
2185.9
2185.9
2185.9
2185.9
2182.1
2182.1
2182.1
2182.1
2182.1
2163.6
2163.6
2163.6
2163.6
2163.6
2161.9
2161.9
2161.9
2161.9
2161.9
2161.9
2161.9
2161.9
2161.9
2161.9
2161.9
2161.9
2161.9
2161.9
2161.9
2161.9
2161.9
2161.9
2161.9
2161.9
2161.9
2161.9
2161.9
2161.9
2161.9
2161.9
2161.9
2161.9
2161.9
2161.9
2161.9
2161.9
2161.9
2161.9
2146.9
2146.9
2146.9
2146.9
2146.9
2146.9
2140.0
2140.0
2140.0
2137.7
2137.7
2137.7
2135.2
2135.2
2135.2
2135.2
2135.2
2122.0
2122.0
2122.0
2122.0
2122.0
2122.0
2122.0
2103.4
2103.4
2103.4
2103.4
2103.4
2103.4
2103.4
2103.4
2089.9
2089.9
2089.9
2089.9
2089.9
2089.9
2089.9
2089.9
2089.9
2089.9
2089.9
2089.9
2089.9
2089.9
2089.9
2089.9
2089.9
2089.9
2089.9
2089.9
2089.9
2089.9
2089.9
2089.9
2089.9
2089.6
2089.6
2079.0
2079.0
2079.0
2079.0
2079.0
2079.0
2079.0
2079.0
2079.0
2079.0
2079.0
2079.0
2079.0
2079.0
2079.0
2079.0
2079.0
2079.0
2079.0
2079.0
2069.3
2067.7
2067.7
2067.7
2067.7
2067.7
2067.7
2067.7
2067.7
2067.7
2067.7
2067.7
2067.7
2067.7
2067.7
2067.7
2067.7
2067.7
2067.7
2067.7
2067.7
2067.7
2067.7
2067.7
2067.7
2067.7
2067.7
2067.7
2067.7
2067.7
2067.7
2067.7
2067.7
2067.7
2067.7
2067.7
2067.7
2067.7
2067.7
2067.7
2067.7
2067.7
2067.7
2067.7
2067.7
2067.7
2067.7
2067.7
2067.7
2067.7
2067.7
2067.7
2067.7
2067.7
2067.7
2067.7
2067.7
2067.7
2067.7
2067.7
2067.7
2067.7
2067.7
2066.3
2066.3
2066.3
2066.3
2066.3
2066.3
2066.3
2066.3
2057.9
2057.9
2057.9
2057.9
2041.5
2041.5
2041.5
2041.5
2041.5
2041.5
2041.5
2041.5
2041.5
2041.5
2041.5
2041.5
2041.5
2041.5
2041.5
2041.5
2041.5
1997.3
1997.3
1997.3
1997.3
1997.3
1997.3
1997.3
1997.3
1997.3
1986.6
1986.6
1986.6
1981.6
1981.6
1981.6
1980.9
1980.9
1980.9
1970.4
1970.4
1970.4
1970.4
1970.4
1970.4
1970.4
1970.4
1968.3
1940.0
1940.0
1940.0
1940.0
1940.0
1938.5
1938.5
1938.5
1938.5
1938.5
1938.5
1932.9
1932.9
1932.9
1932.9
1932.9
1932.9
1932.9
1932.9
1932.9
1932.9
1932.9
1932.9
1932.9
1932.9
1932.9
1932.9
1932.9
1932.9
1932.9
1932.9
1932.9
1932.9
1932.9
1932.9
1932.9
1932.9
1932.9
1932.9
1932.9
1932.9
1932.9
1932.9
1932.9
1932.9
1932.9
1924.6
1924.6
1924.6
1924.6
1924.6
1924.6
1924.6
1924.6
1924.6
1924.6
1924.6
1924.6
1924.6
1924.6
1924.6
1924.6
1924.6
1924.6
1924.6
1924.6
1924.6
1924.6
1924.6
1924.6
1924.6
1924.6
1924.6
1924.6
1924.6
1924.6
1924.6
1924.6
1924.6
1924.6
1924.6
1924.6
1924.6
1924.6
1924.6
1924.6
1924.5
1924.5
1924.5
1924.5
1924.5
1924.5
1924.5
1924.5
1924.5
1924.5
1924.5
1924.5
1924.5
1924.5
1924.5
1924.5
1924.5
1924.5
1924.5
1924.5
1924.5
1924.5
1924.5
1924.5
1924.5
1924.5
1924.5
1924.5
1924.5
1924.5
1924.5
1924.5
1924.5
1924.5
1924.5
1924.5
1924.5
1924.5
1924.5
1924.5
1924.5
1924.5
1924.5
1924.5
1924.5
1924.5
1924.5
1924.5
1924.5
1924.5
1924.5
1904.0
1904.0
1904.0
1904.0
1888.7
1882.8
1882.8
1882.8
1882.8
1882.8
1882.8
1882.8
1882.8
1882.8
1882.8
1878.9
1878.9
1878.9
1878.9
1878.9
1878.9
1878.9
1878.9
1878.9
1872.6
1872.6
1872.6
1872.6
1872.6
1872.6
1872.6
1872.6
1872.6
1872.6
1872.6
1872.6
1872.6
1872.6
1872.6
1872.6
1872.6
1872.6
1872.6
1870.9
1870.9
1870.9
1864.6
1864.6
1864.6
1864.6
1864.6
1864.6
1864.6
1864.6
1864.6
1864.6
1864.6
1864.6
1864.6
1864.6
1864.6
1864.6
1864.6
1864.6
1864.6
1864.6
1864.6
1864.6
1864.6
1853.5
1853.5
1848.3
1848.3
1848.3
1848.3
1848.3
1848.3
1848.3
1847.7
1847.3
1847.3
1814.5
1814.5
1814.5
1814.5
1814.5
1814.5
1814.5
1814.5
1814.5
1814.5
1814.5
1814.5
1814.5
1814.5
1814.5
1814.5
1814.5
1814.5
1814.5
1794.4
1794.4
1794.4
1794.4
1794.4
1794.4
1794.4
1794.4
1794.4
1794.4
1794.4
1794.4
1794.4
1794.4
1794.4
1794.4
1794.4
1794.4
1794.4
1794.4
1794.4
1794.4
1794.4
1794.4
1794.4
1779.0
1779.0
1779.0
1779.0
1779.0
1779.0
1779.0
1779.0
1779.0
1779.0
1779.0
1779.0
1779.0
1779.0
1779.0
1779.0
1779.0
1779.0
1779.0
1779.0
1779.0
1779.0
1779.0
1765.3
1765.3
1765.3
1765.3
1765.3
1765.3
1765.3
1765.3
1765.3
1765.3
1765.3
1765.3
1765.3
1765.3
1765.3
1765.3
1765.3
1765.3
1765.3
1765.3
1765.3
1765.3
1765.3
1765.3
1765.3
1765.3
1765.3
1765.3
1765.3
1765.3
1765.3
1765.3
1765.3
1765.3
1765.3
1765.3
1765.3
1765.3
1765.3
1765.3
1765.3
1765.3
1765.3
1765.3
1765.3
1758.6
1758.6
1758.6
1758.6
1758.6
1758.6
1758.6
1758.6
1758.6
1758.6
1758.6
1758.6
1758.6
1758.6
1758.6
1758.6
1758.6
1758.6
1758.6
1758.6
1758.6
1758.6
1758.6
1758.6
1758.6
1758.6
1758.6
1758.6
1758.6
1758.6
1756.1
1756.1
1756.1
1756.1
1753.0
1753.0
1753.0
1753.0
1753.0
1748.8
1748.8
1748.8
1748.8
1748.8
1748.8
1748.8
1748.8
1748.8
1748.8
1748.8
1748.8
1748.8
1748.8
1748.8
1748.8
1748.8
1748.8
1748.8
1748.8
1748.8
1748.8
1748.8
1748.8
1748.8
1748.8
1748.8
1748.8
1748.8
1748.8
1748.8
1748.8
1748.8
1748.8
1748.8
1748.8
1748.8
1748.8
1748.8
1748.8
1748.8
1748.8
1748.8
1748.8
1748.8
1748.8
1748.8
1748.8
1748.8
1748.8
1748.8
1748.8
1748.8
1748.8
1748.8
1748.8
1748.8
1748.8
1748.8
1748.8
1748.8
1748.8
1748.8
1747.7
1747.7
1747.7
1747.7
1747.7
1747.7
1747.7
1747.7
1747.7
1747.7
1747.7
1747.7
1747.7
1747.7
1747.7
1747.7
1747.7
1747.7
1747.7
1745.5
1745.5
1745.5
1745.5
1745.5
1745.5
1745.5
1745.5
1745.5
1745.5
1745.5
1745.5
1745.5
1745.5
1745.5
1745.5
1745.5
1745.5
1745.5
1745.5
1745.5
1745.5
1745.5
1743.7
1743.7
1743.7
1743.7
1743.7
1743.7
1743.7
1743.7
1743.7
1743.7
1743.7
1743.7
1743.7
1743.7
1743.7
1743.7
1743.7
1743.7
1743.7
1743.7
1743.7
1743.7
1743.7
1743.7
1743.7
1743.7
1743.7
1743.7
1743.7
1743.7
1743.7
1743.7
1743.7
1743.7
1743.7
1743.7
1743.7
1743.7
1743.7
1743.7
1743.7
1743.7
1743.7
1743.7
1743.7
1743.7
1743.7
1742.5
1742.5
1742.5
1742.5
1742.5
1742.5
1742.5
1742.5
1740.5
1740.5
1740.5
1740.5
1740.5
1740.5
1737.6
1737.6
1737.6
1737.6
1737.6
1737.6
1737.6
1737.6
1737.6
1737.6
1737.6
1737.6
1737.6
1737.6
1737.6
1737.6
1737.6
1737.6
1737.6
1737.6
1737.6
1737.6
1737.6
1737.6
1737.6
1737.6
1737.6
1737.6
1737.6
1737.6
1737.6
1737.6
1737.6
1737.6
1737.6
1737.6
1737.6
1737.6
1737.6
1737.6
1737.6
1737.6
1737.6
1737.6
1737.6
1737.6
1737.6
1737.6
1737.6
1737.6
1737.6
1737.6
1737.6
1737.6
1737.6
1737.6
1737.6
1737.6
1737.6
1737.6
1737.6
1737.6
1737.6
1737.6
1737.6
1737.6
1737.6
1737.6
1737.6
1708.7
1708.7
1708.7
1708.7
1708.7
1708.7
1708.7
1708.7
1698.7
1692.2
1692.2
1692.2
1692.2
1692.2
1692.2
1692.2
1692.2
1692.2
1692.2
1692.2
1692.2
1692.2
1692.2
1690.6
1690.6
1690.6
1684.8
1684.8
1680.5
1680.5
1680.5
1680.5
1680.5
1680.5
1680.5
1680.5
1680.5
1680.5
1680.5
1680.5
1680.5
1680.5
1680.5
1680.5
1680.5
1680.5
1680.5
1680.5
1680.5
1680.5
1680.5
1680.5
1680.5
1680.5
1680.5
1677.6
1677.6
1677.6
1677.6
1677.6
1677.6
1677.6
1677.6
1677.6
1677.6
1677.6
1677.6
1677.6
1677.6
1677.6
1677.6
1677.6
1677.6
1677.6
1677.6
1677.6
1677.6
1677.6
1677.6
1677.6
1677.6
1677.6
1677.6
1677.6
1677.6
1677.6
1677.6
1677.6
1677.6
1677.6
1677.6
1677.6
1677.6
1677.6
1677.6
1677.6
1677.6
1677.6
1677.6
1677.6
1677.6
1677.6
1677.6
1677.6
1677.6
1677.6
1677.6
1677.6
1677.6
1677.6
1677.6
1677.6
1677.6
1677.6
1677.6
1677.6
1677.6
1677.6
1677.6
1677.6
1677.6
1677.6
1677.6
1677.6
1677.6
1677.6
1677.6
1677.6
1677.6
1677.6
1677.6
1677.6
1677.6
1677.6
1677.6
1677.6
1677.6
1677.6
1677.6
1677.6
1677.6
1677.6
1677.6
1677.6
1677.6
1677.6
1677.6
1677.6
1677.6
1677.6
1677.6
1677.6
1677.6
1677.6
1677.6
1677.6
1677.6
1677.6
1677.6
1677.6
1677.6
1677.6
1677.6
1677.6
1677.6
1677.6
1677.6
1677.6
1677.6
1677.6
1677.6
1677.6
1677.6
1677.6
1677.6
1677.6
1677.6
1677.6
1677.6
1677.6
1677.6
1677.6
1677.6
1677.6
1677.6
1670.1
1670.1
1670.1
1670.1
1670.1
1670.1
1670.1
1670.1
1670.1
1670.1
1670.1
1670.1
1670.1
1670.1
1670.1
1670.1
1670.1
1670.1
1670.1
1670.1
1670.1
1670.1
1670.1
1670.1
1670.1
1670.1
1659.3
1659.3
1659.3
1659.3
1659.3
1659.3
1659.3
1659.3
1659.3
1659.3
1659.3
1644.8
1644.8
1644.8
1644.8
1644.8
1644.8
1644.8
1644.8
1638.9
1638.9
1638.9
1638.9
1638.9
1638.9
1638.9
1638.9
1638.9
1638.9
1638.9
1638.9
1638.9
1638.9
1638.9
1638.9
1638.9
1638.9
1638.9
1638.9
1638.9
1638.9
1638.9
1638.9
1638.9
1638.9
1638.9
1638.9
1638.9
1638.9
1638.9
1638.9
1638.9
1638.9
1638.9
1638.9
1638.9
1638.9
1638.9
1638.9
1638.9
1638.9
1638.9
1638.9
1638.9
1638.9
1638.9
1638.9
1638.9
1638.9
1638.9
1628.2
1628.2
1628.2
1628.2
1628.2
1628.2
1628.2
1628.2
1628.2
1628.2
1628.2
1628.2
1628.2
1628.2
1628.2
1628.2
1628.2
1628.2
1628.2
1628.2
1614.0
1614.0
1614.0
1614.0
1614.0
1614.0
1614.0
1614.0
1614.0
1614.0
1614.0
1614.0
1614.0
1614.0
1614.0
1614.0
1614.0
1614.0
1614.0
1614.0
1614.0
1614.0
1614.0
1614.0
1614.0
1614.0
1614.0
1614.0
1614.0
1614.0
1612.9
1612.9
1612.9
1612.9
1612.9
1612.9
1612.9
1612.9
1612.9
1612.9
1612.9
1612.9
1612.9
1612.9
1612.9
1612.9
1612.9
1612.9
1612.9
1612.9
1612.9
1612.9
1612.9
1612.9
1612.9
1612.9
1612.9
1612.9
1612.9
1612.9
1612.9
1612.9
1612.9
1612.9
1612.9
1612.9
1612.9
1612.9
1612.9
1612.9
1612.9
1612.9
1612.9
1612.9
1612.9
1612.9
1612.9
1612.9
1612.9
1612.9
1612.9
1612.9
1612.9
1612.9
1612.9
1612.9
1612.9
1612.9
1612.9
1612.9
1606.0
1606.0
1606.0
1606.0
1606.0
1606.0
1606.0
1606.0
1606.0
1606.0
1606.0
1606.0
1606.0
1606.0
1606.0
1606.0
1606.0
1606.0
1606.0
1606.0
1606.0
1606.0
1606.0
1606.0
1606.0
1606.0
1606.0
1606.0
1606.0
1606.0
1606.0
1606.0
1606.0
1606.0
1606.0
1606.0
1606.0
1606.0
1606.0
1606.0
1606.0
1606.0
1606.0
1606.0
1606.0
1606.0
1599.4
1599.4
1599.4
1599.4
1599.4
1599.4
1599.4
1599.4
1599.4
1599.4
1599.4
1599.4
1599.4
1599.4
1599.4
1599.4
1599.4
1599.4
1599.4
1598.6
1598.6
1598.6
1598.6
1598.6
1598.6
1598.6
1598.6
1598.6
1598.6
1598.6
1598.6
1598.6
1598.6
1598.6
1598.6
1598.6
1598.6
1598.6
1594.2
1594.2
1594.2
1594.2
1594.2
1594.2
1594.2
1594.2
1594.2
1594.2
1594.2
1594.2
1594.2
1594.2
1594.2
1594.2
1594.2
1594.2
1594.2
1594.2
1594.2
1594.2
1594.2
1594.2
1594.2
1594.2
1594.2
1594.2
1594.2
1594.2
1594.2
1594.2
1594.2
1594.2
1594.2
1594.2
1594.2
1594.2
1594.2
1594.2
1594.2
1594.2
1594.2
1594.2
1594.2
1583.0
1583.0
1583.0
1583.0
1583.0
1583.0
1583.0
1583.0
1583.0
1583.0
1583.0
1583.0
1583.0
1583.0
1583.0
1583.0
1583.0
1583.0
1583.0
1583.0
1583.0
1583.0
1583.0
1583.0
1583.0
1583.0
1583.0
1583.0
1583.0
1583.0
1583.0
1583.0
1583.0
1583.0
1583.0
1563.9
1563.9
1562.3
1562.3
1562.3
1562.3
1562.3
1562.3
1562.3
1562.3
1562.3
1562.3
1562.3
1562.3
1562.3
1562.3
1562.3
1562.3
1562.3
1562.3
1562.3
1562.3
1562.3
1562.3
1562.3
1562.3
1562.3
1562.3
1562.3
1562.3
1562.3
1562.3
1562.3
1562.3
1562.3
1562.3
1562.3
1562.3
1562.3
1562.3
1562.3
1562.3
1562.3
1562.3
1562.3
1562.3
1562.3
1562.3
1562.3
1562.3
1562.3
1562.3
1562.3
1562.3
1562.3
1562.3
1535.6
1535.6
1535.6
1535.6
1535.6
1535.6
1535.6
1535.6
1535.6
1535.6
1535.6
1535.6
1535.6
1535.6
1535.6
1535.6
1535.6
1535.6
1535.6
1535.6
1535.6
1535.6
1535.6
1531.8
1531.8
1531.8
1531.8
1531.8
1531.8
1531.8
1531.8
1531.8
1531.8
1531.8
1531.8
1531.8
1531.8
1531.8
1531.8
1531.8
1531.8
1531.8
1531.8
1531.8
1531.8
1531.8
1531.8
1531.8
1531.8
1531.8
1531.8
1531.8
1531.8
1531.8
1531.8
1531.8
1531.8
1531.8
1531.8
1531.8
1531.8
1531.8
1531.8
1531.8
1531.8
1531.8
1531.8
1531.8
1531.8
1531.8
1531.8
1531.8
1531.8
1531.8
1531.8
1531.8
1531.8
1531.8
1531.8
1531.8
1531.8
1513.4
1513.4
1513.4
1513.4
1513.4
1500.6
1500.6
1500.6
1500.6
1500.6
1500.6
1500.6
1500.6
1500.6
1500.6
1500.6
1500.6
1500.6
1500.6
1500.6
1500.6
1500.6
1500.6
1500.6
1500.6
1500.6
1500.6
1500.6
1500.6
1500.6
1500.6
1500.6
1500.6
1500.6
1500.6
1500.6
1500.6
1500.6
1500.6
1500.6
1500.6
1500.6
1500.6
1500.6
1500.6
1500.6
1500.6
1500.6
1500.6
1500.6
1500.6
1500.6
1500.6
1500.6
1500.6
1500.6
1500.6
1500.6
1500.6
1500.6
1500.6
1500.6
1500.6
1500.6
1500.6
1500.6
1500.6
1500.6
1500.6
1500.6
1500.6
1500.6
1500.6
1500.6
1500.6
1500.6
1500.6
1500.6
1500.6
1500.6
1500.6
1500.6
1500.6
1500.6
1500.6
1500.6
1500.6
1500.6
1500.6
1500.6
1500.6
1500.6
1500.6
1500.6
1500.6
1500.6
1500.6
1500.6
1500.6
1500.6
1500.6
1500.6
1500.6
1500.6
1500.6
1500.6
1500.6
1500.6
1500.6
1500.6
1500.6
1500.6
1500.6
1500.6
1500.6
1500.6
1500.6
1500.6
1500.6
1500.6
1500.6
1500.6
1500.6
1500.6
1500.6
1500.6
1500.6
1500.6
1500.6
1493.1
1493.1
1493.1
1493.1
1493.1
1493.1
1493.1
1493.1
1493.1
1493.1
1493.1
1493.1
1493.1
1493.1
1493.1
1493.1
1493.1
1493.1
1493.1
1493.1
1493.1
1493.1
1493.1
1493.1
1493.1
1493.1
1493.1
1493.1
1493.1
1493.1
1493.1
1493.1
1493.1
1493.1
1493.1
1493.1
1493.1
1493.1
1493.1
1493.1
1493.1
1488.3
1488.3
1488.3
1488.3
1488.3
1488.3
1488.3
1488.3
1488.3
1488.3
1488.3
1488.3
1488.3
1488.3
1488.3
1488.3
1488.3
1488.3
1488.3
1488.3
1488.3
1488.3
1488.3
1488.3
1488.3
1488.3
1488.3
1488.3
1488.3
1488.3
1488.3
1488.3
1488.3
1488.3
1488.3
1488.3
1488.3
1488.3
1488.3
1488.3
1488.3
1488.3
1488.3
1488.3
1488.3
1488.3
1488.3
1488.3
1488.3
1488.3
1488.3
1488.3
1488.3
1488.3
1488.3
1488.3
1488.3
1488.3
1488.3
1488.3
1488.3
1488.3
1488.3
1488.3
1488.3
1488.3
1488.3
1488.3
1488.3
1488.3
1488.3
1488.3
1488.3
1488.3
1488.3
1488.3
1488.3
1488.3
1488.3
1488.3
1488.3
1488.3
1488.3
1488.3
1488.3
1488.3
1488.3
1488.3
1488.3
1476.3
1476.3
1476.3
1476.3
1476.3
1476.3
1476.3
1476.3
1476.3
1469.5
1469.5
1468.1
1468.1
1468.1
1468.1
1468.1
1468.1
1468.1
1468.1
1468.1
1468.1
1468.1
1468.1
1468.1
1468.1
1468.1
1468.1
1468.1
1463.3
1463.3
1463.3
1463.3
1463.3
1463.3
1463.3
1463.3
1463.3
1463.3
1463.3
1463.3
1463.3
1463.3
1463.3
1463.3
1463.3
1463.3
1463.3
1463.3
1463.3
1463.3
1463.3
1463.3
1463.3
1463.3
1463.3
1463.3
1463.3
1463.3
1463.3
1463.3
1463.3
1463.3
1463.3
1463.3
1463.3
1463.3
1463.3
1463.3
1463.3
1463.3
1463.3
1463.3
1463.3
1463.3
1463.3
1463.3
1463.3
1463.3
1463.3
1463.3
1463.3
1463.3
1463.3
1463.3
1463.3
1463.3
1463.3
1463.3
1463.3
1463.3
1463.3
1463.3
1463.3
1463.3
1463.3
1463.3
1463.3
1463.3
1463.3
1463.3
1463.3
1463.3
1463.3
1463.3
1463.3
1463.3
1463.3
1463.3
1463.3
1463.3
1463.3
1463.3
1463.3
1463.3
1463.3
1463.3
1463.3
1463.3
1463.3
1463.3
1463.3
1463.3
1463.3
1463.3
1463.3
1463.3
1463.3
1463.3
1463.3
1463.3
1463.3
1463.3
1463.3
1463.3
1463.3
1463.3
1463.3
1463.3
1463.3
1463.3
1463.3
1463.3
1463.3
1463.3
1463.3
1463.3
1463.3
1463.3
1463.3
1463.3
1463.3
1463.3
1463.3
1463.3
1463.3
1463.3
1463.3
1463.3
1463.3
1463.3
1463.3
1463.3
1463.3
1463.3
1463.3
1453.9
1453.9
1453.9
1445.8
1445.8
1445.8
1445.8
1445.8
1445.8
1445.8
1445.8
1445.8
1445.8
1445.8
1445.8
1445.8
1445.8
1445.8
1445.8
1445.8
1445.8
1445.8
1445.8
1445.8
1445.8
1445.8
1445.8
1445.8
1445.8
1445.8
1445.8
1445.8
1445.8
1445.8
1445.8
1445.8
1445.8
1440.7
1440.7
1440.7
1440.7
1440.7
1440.7
1440.7
1440.7
1440.7
1440.7
1440.7
1440.7
1440.7
1438.9
1438.9
1438.9
1438.9
1438.9
1438.9
1438.9
1438.9
1438.9
1438.9
1438.9
1438.9
1438.9
1438.9
1438.9
1438.9
1438.9
1438.9
1438.9
1438.9
1438.9
1438.9
1438.9
1438.9
1438.9
1438.9
1438.9
1438.9
1438.9
1438.9
1438.9
1438.9
1438.9
1438.9
1438.9
1438.9
1438.9
1438.9
1438.9
1438.9
1438.9
1438.9
1438.9
1438.9
1438.9
1438.9
1438.9
1438.9
1438.9
1438.9
1438.9
1438.9
1438.9
1438.9
1438.9
1438.9
1438.9
1438.9
1438.9
1438.9
1438.9
1438.9
1438.9
1438.9
1438.9
1438.9
1438.9
1438.9
1438.9
1438.9
1438.9
1438.9
1438.9
1438.9
1438.9
1438.9
1438.9
1438.9
1438.9
1438.9
1438.9
1438.9
1438.9
1438.9
1438.9
1438.9
1438.9
1438.9
1438.9
1438.9
1438.9
1438.9
1438.9
1438.9
1438.9
1438.9
1438.9
1438.9
1438.9
1438.9
1438.9
1438.9
1438.9
1438.9
1438.9
1438.9
1438.9
1438.9
1438.9
1438.9
1438.9
1438.9
1434.6
1434.6
1434.6
1434.6
1434.6
1434.6
1434.6
1434.6
1434.6
1434.6
1434.6
1434.6
1434.6
1434.6
1434.6
1434.6
1434.6
1434.6
1434.6
1434.6
1434.6
1434.6
1434.6
1434.6
1434.6
1434.6
1434.6
1434.6
1434.6
1434.6
1434.6
1434.6
1434.6
1434.6
1434.6
1434.6
1434.6
1434.6
1434.6
1434.6
1434.6
1434.6
1434.6
1434.6
1434.6
1434.6
1434.6
1434.6
1434.6
1434.6
1434.6
1434.6
1434.6
1434.6
1434.6
1434.6
1434.6
1434.6
1434.6
1434.6
1434.6
1434.6
1434.6
1434.6
1434.6
1434.6
1434.6
1434.6
1434.6
1434.6
1434.6
1434.6
1434.6
1434.6
1434.6
1434.6
1434.6
1434.6
1434.6
1434.6
1434.6
1434.6
1434.6
1434.6
1434.6
1434.6
1434.6
1430.4
1430.4
1430.4
1430.4
1430.4
1430.4
1430.4
1430.4
1430.4
1430.4
1430.4
1430.4
1430.4
1430.4
1430.4
1430.4
1430.4
1430.4
1430.4
1430.4
1430.4
1430.4
1430.4
1430.4
1430.4
1430.4
1430.4
1430.4
1430.4
1430.4
1430.4
1430.4
1430.4
1430.4
1430.4
1430.4
1430.4
1430.4
1430.4
1430.4
1430.4
1430.4
1430.4
1430.4
1430.4
1430.4
1430.4
1430.4
1430.4
1430.4
1430.4
1430.4
1430.4
1430.4
1430.4
1430.4
1430.4
1430.4
1430.4
1430.4
1430.4
1430.4
1430.4
1430.4
1430.4
1430.4
1430.4
1430.4
1430.4
1430.4
1430.4
1430.4
1430.4
1430.4
1430.4
1430.4
1430.4
1430.4
1430.4
1430.4
1430.4
1430.4
1430.4
1430.4
1430.4
1430.4
1430.4
1430.4
1430.4
1430.4
1430.4
1430.4
1430.4
1430.4
1430.4
1430.4
1430.4
1429.3
1426.5
1426.5
1416.1
1416.1
1416.1
1415.4
1415.4
1415.4
1415.4
1415.4
1415.4
1415.4
1415.4
1415.4
1415.4
1415.4
1415.4
1415.4
1415.4
1415.4
1415.4
1415.4
1415.4
1411.4
1411.4
1411.4
1411.4
1410.4
1410.4
1410.4
1410.4
1410.4
1410.4
1410.4
1410.4
1410.4
1410.4
1410.4
1410.4
1410.4
1410.4
1410.4
1410.4
1410.4
1410.4
1410.4
1410.4
1410.4
1410.4
1410.4
1410.4
1410.4
1410.4
1410.4
1410.4
1410.4
1410.4
1410.4
1410.4
1410.4
1410.4
1410.4
1410.4
1410.4
1410.4
1410.4
1410.4
1410.4
1410.4
1410.4
1410.4
1410.4
1410.4
1410.4
1410.4
1410.4
1410.4
1410.4
1410.4
1410.4
1410.4
1410.4
1410.4
1410.4
1410.4
1410.4
1410.4
1410.4
1410.4
1410.4
1410.4
1410.4
1410.4
1410.4
1410.4
1410.4
1410.4
1410.4
1410.4
1410.4
1410.4
1410.4
1410.4
1410.4
1410.4
1410.4
1410.4
1410.4
1410.4
1410.4
1410.4
1410.4
1410.4
1410.4
1410.4
1410.4
1410.4
1410.4
1410.4
1410.4
1410.4
1410.4
1410.4
1410.4
1410.4
1410.4
1410.4
1410.4
1397.9
1397.9
1397.9
1397.9
1397.9
1397.9
1397.9
1397.9
1397.9
1397.9
1397.9
1397.9
1397.9
1397.9
1397.9
1397.9
1397.9
1397.9
1397.9
1397.9
1397.9
1397.9
1397.9
1397.9
1397.9
1397.9
1393.9
1393.9
1393.9
1393.9
1393.9
1393.9
1393.9
1393.9
1393.9
1393.9
1393.9
1393.9
1393.9
1393.9
1393.9
1393.9
1393.6
1393.6
1393.6
1393.6
1393.6
1393.6
1393.6
1393.6
1393.6
1393.6
1393.6
1393.6
1393.6
1393.6
1393.6
1393.6
1393.6
1393.6
1393.6
1393.6
1393.6
1393.6
1393.6
1393.6
1393.6
1393.6
1393.6
1393.6
1393.6
1393.6
1393.6
1393.6
1393.6
1393.6
1393.6
1393.6
1393.6
1393.6
1393.6
1393.6
1393.6
1393.6
1393.6
1393.6
1393.6
1393.6
1393.6
1393.6
1393.6
1393.6
1393.6
1393.6
1393.6
1393.6
1393.6
1392.4
1392.4
1392.4
1392.4
1392.4
1392.4
1392.4
1392.4
1392.4
1392.4
1392.4
1392.4
1392.4
1392.4
1392.4
1392.4
1392.4
1392.4
1392.4
1392.4
1392.2
1392.2
1392.2
1392.2
1392.2
1392.2
1392.2
1392.2
1392.2
1392.2
1392.2
1392.2
1392.2
1392.2
1392.2
1392.2
1392.2
1392.2
1392.2
1392.2
1392.2
1392.2
1392.2
1392.2
1392.2
1392.2
1392.2
1392.2
1392.2
1392.2
1392.2
1392.2
1392.2
1392.2
1392.2
1392.2
1392.2
1392.2
1392.2
1392.2
1392.2
1392.2
1392.2
1392.2
1392.2
1392.2
1392.2
1392.2
1392.2
1392.2
1392.2
1392.2
1392.2
1392.2
1392.2
1392.2
1392.2
1392.2
1392.2
1392.2
1392.2
1392.2
1392.2
1392.2
1392.2
1392.2
1392.2
1392.2
1392.2
1392.2
1392.2
1392.2
1392.2
1392.2
1392.2
1392.2
1392.2
1392.2
1392.2
1392.2
1392.2
1392.2
1392.2
1392.2
1392.2
1392.2
1392.2
1392.2
1392.2
1392.2
1392.2
1392.2
1392.2
1392.2
1392.2
1392.2
1392.2
1392.2
1392.2
1392.2
1392.2
1392.2
1392.2
1392.2
1392.2
1392.2
1392.2
1392.2
1392.2
1392.2
1392.2
1392.2
1392.2
1392.2
1392.2
1392.2
1392.2
1392.2
1392.2
1392.2
1392.2
1392.2
1392.2
1392.2
1392.2
1392.2
1392.2
1392.2
1392.2
1392.2
1392.2
1392.2
1392.2
1392.2
1392.2
1392.2
1392.2
1392.2
1392.2
1392.2
1392.2
1392.2
1392.2
1392.2
1392.2
1392.2
1392.2
1392.2
1392.2
1392.2
1392.2
1392.2
1392.2
1392.2
1392.2
1392.2
1392.2
1392.2
1392.2
1392.2
1392.2
1392.2
1392.2
1392.2
1392.2
1392.2
1392.2
1392.2
1392.2
1392.2
1392.2
1392.2
1392.2
1392.2
1392.2
1392.2
1392.2
1392.2
1392.2
1392.2
1392.2
1392.2
1392.2
1392.2
1392.2
1392.2
1392.2
1392.2
1392.2
1392.2
1392.2
1392.2
1392.2
1392.2
1392.2
1392.2
1389.5
1389.5
1389.5
1389.5
1389.5
1389.5
1389.5
1389.5
1389.5
1389.5
1389.5
1389.5
1389.5
1389.5
1389.5
1389.5
1389.5
1389.5
1389.5
1389.5
1389.5
1389.5
1389.5
1388.2
1388.2
1388.2
1388.2
1388.2
1388.2
1388.2
1388.2
1388.2
1388.2
1388.2
1388.2
1388.2
1388.2
1388.2
1388.2
1388.2
1388.2
1388.2
1388.2
1388.2
1388.2
1388.2
1388.2
1388.2
1388.2
1388.2
1388.2
1388.2
1388.2
1388.2
1388.2
1388.2
1388.2
1388.2
1388.2
1388.2
1388.2
1388.2
1388.2
1388.2
1388.2
1388.2
1388.2
1388.2
1388.2
1388.2
1388.2
1388.2
1388.2
1388.2
1388.2
1388.2
1388.2
1388.2
1388.2
1388.2
1388.2
1388.2
1388.2
1388.2
1388.2
1388.2
1388.2
1388.2
1388.2
1388.2
1388.2
1388.2
1388.2
1388.2
1388.2
1388.2
1388.2
1388.2
1388.2
1388.2
1388.2
1388.2
1388.2
1388.2
1388.2
1388.2
1388.2
1388.2
1388.2
1388.2
1388.2
1388.2
1388.2
1388.2
1388.2
1388.2
1388.2
1388.2
1388.2
1388.2
1388.2
1388.2
1388.2
1388.2
1388.2
1388.2
1388.2
1388.2
1381.9
1381.9
1363.4
1363.4
1363.4
1363.4
1363.4
1363.4
1363.4
1363.4
1363.4
1363.4
1363.4
1363.4
1363.4
1363.4
1363.4
1358.1
1358.1
1358.1
1358.1
1358.1
1358.1
1358.1
1358.1
1358.1
1358.1
1358.1
1358.1
1358.1
1358.1
1358.1
1358.1
1358.1
1358.1
1358.1
1358.1
1358.1
1358.1
1358.1
1358.1
1358.1
1358.1
1358.1
1358.1
1358.1
1358.1
1358.1
1358.1
1358.1
1358.1
1358.1
1358.1
1358.1
1358.1
1358.1
1358.1
1358.1
1346.6
1346.6
1346.6
1346.6
1346.6
1346.6
1346.6
1346.6
1346.6
1346.6
1346.6
1346.6
1346.6
1346.6
1346.6
1346.6
1346.6
1346.6
1339.1
1339.1
1339.1
1339.1
1339.1
1339.1
1339.1
1339.1
1339.1
1339.1
1339.1
1339.1
1339.1
1339.1
1339.1
1339.1
1339.1
1339.1
1339.1
1339.1
1339.1
1339.1
1339.1
1339.1
1339.1
1339.1
1339.1
1339.1
1339.1
1339.1
1339.1
1339.1
1339.1
1339.1
1333.2
1333.2
1333.2
1333.2
1333.2
1333.2
1333.2
1333.2
1333.2
1333.2
1333.2
1333.2
1333.2
1333.2
1333.2
1333.2
1333.2
1333.2
1333.2
1333.2
1333.2
1333.2
1333.2
1333.2
1333.2
1333.2
1333.2
1333.2
1333.2
1333.2
1333.2
1333.2
1333.2
1333.2
1333.2
1333.2
1333.2
1333.2
1333.2
1333.2
1333.2
1333.2
1333.2
1333.2
1333.2
1333.2
1333.2
1333.2
1333.2
1333.2
1333.2
1333.2
1333.2
1333.2
1333.2
1333.2
1333.2
1333.2
1333.2
1333.2
1333.2
1333.2
1333.2
1333.2
1333.2
1333.2
1333.2
1333.2
1333.2
1333.2
1333.2
1333.2
1333.2
1333.2
1333.2
1333.2
1333.2
1333.2
1333.2
1333.2
1333.2
1333.2
1333.2
1333.2
1333.2
1333.2
1333.2
1333.2
1333.2
1333.2
1333.2
1333.2
1333.2
1333.2
1333.2
1333.2
1333.2
1333.2
1333.2
1333.2
1333.2
1333.2
1333.2
1333.2
1333.2
1333.2
1333.2
1333.2
1333.2
1333.2
1333.2
1333.2
1333.2
1333.2
1321.9
1321.9
1321.9
1321.9
1321.9
1321.9
1321.9
1321.9
1321.9
1321.9
1321.9
1321.9
1321.9
1321.9
1321.9
1321.9
1321.9
1321.9
1321.9
1321.9
1321.9
1321.9
1321.9
1321.9
1321.9
1321.9
1321.9
1321.9
1321.9
1321.9
1321.9
1321.9
1321.9
1321.9
1321.9
1321.9
1321.9
1321.9
1309.3
1309.3
1309.3
1309.3
1309.3
1309.3
1309.3
1309.3
1309.3
1309.3
1309.3
1309.3
1309.3
1309.3
1309.3
1309.3
1309.3
1309.3
1309.3
1309.3
1309.3
1309.3
1309.3
1309.3
1309.3
1309.3
1309.3
1309.3
1309.3
1309.3
1309.3
1309.3
1309.3
1309.3
1309.3
1309.3
1309.3
1309.3
1309.3
1309.3
1309.3
1309.3
1309.3
1309.3
1309.3
1309.3
1309.3
1309.3
1309.3
1309.3
1309.3
1309.3
1309.3
1309.3
1309.3
1309.3
1309.3
1309.3
1309.3
1309.3
1309.3
1309.3
1309.3
1309.3
1309.3
1307.8
1307.8
1307.8
1307.8
1307.8
1307.8
1307.8
1307.8
1307.8
1307.8
1307.8
1307.8
1307.8
1307.8
1307.8
1307.8
1307.8
1307.8
1307.8
1307.8
1307.8
1301.2
1301.2
1301.2
1301.2
1301.2
1301.2
1301.2
1301.2
1301.2
1301.2
1301.2
1301.2
1301.2
1301.2
1301.2
1301.2
1301.2
1301.2
1301.2
1301.2
1301.2
1301.2
1301.2
1301.2
1301.2
1301.2
1301.2
1301.2
1301.2
1301.2
1301.2
1301.2
1301.2
1301.2
1301.2
1301.2
1301.2
1301.2
1301.2
1301.2
1301.2
1301.2
1301.2
1301.2
1301.2
1301.2
1301.2
1301.2
1301.2
1301.2
1301.2
1301.2
1301.2
1301.2
1301.2
1301.2
1301.2
1301.2
1301.2
1301.2
1301.2
1301.2
1301.2
1301.2
1301.2
1301.2
1301.2
1301.2
1301.2
1301.2
1301.2
1301.2
1301.2
1301.2
1301.2
1301.2
1301.2
1301.2
1301.2
1301.2
1301.2
1301.2
1301.2
1301.2
1301.2
1301.2
1301.2
1301.2
1301.2
1301.2
1301.2
1301.2
1301.2
1301.2
1296.3
1296.3
1296.3
1296.3
1296.3
1296.3
1296.3
1296.3
1296.3
1296.3
1296.3
1296.3
1296.3
1296.3
1296.3
1296.3
1296.3
1296.3
1296.3
1296.3
1296.3
1296.3
1296.3
1296.3
1296.3
1296.3
1296.3
1296.3
1296.3
1296.3
1296.3
1296.3
1296.3
1296.3
1296.3
1296.3
1296.3
1296.3
1296.3
1296.3
1296.3
1296.3
1296.3
1296.3
1296.3
1296.3
1296.3
1296.3
1296.3
1296.3
1296.3
1296.3
1296.3
1296.3
1296.3
1296.3
1296.3
1296.3
1296.3
1296.3
1296.3
1296.3
1296.3
1295.1
1295.1
1295.1
1295.1
1295.1
1295.1
1295.1
1295.1
1295.1
1295.1
1295.1
1295.1
1295.1
1295.1
1295.1
1295.1
1295.1
1295.1
1295.1
1295.1
1295.1
1295.1
1295.1
1295.1
1295.1
1295.1
1295.1
1295.1
1295.1
1295.1
1295.1
1295.1
1295.1
1295.1
1295.1
1295.1
1295.1
1295.1
1295.1
1295.1
1295.1
1295.1
1295.1
1295.1
1295.1
1295.1
1295.1
1295.1
1295.1
1295.1
1295.1
1295.1
1295.1
1295.1
1295.1
1295.1
1295.1
1295.1
1295.1
1295.1
1295.1
1295.1
1295.1
1295.1
1295.1
1295.1
1295.1
1295.1
1295.1
1295.1
1295.1
1295.1
1295.1
1295.1
1295.1
1295.1
1295.1
1295.1
1295.1
1295.1
1295.1
1295.1
1295.1
1295.1
1295.1
1295.1
1295.1
1295.1
1295.1
1295.1
1293.5
1293.5
1293.5
1293.5
1293.5
1293.5
1293.5
1293.5
1293.5
1293.5
1293.5
1293.5
1293.5
1293.5
1293.5
1293.5
1293.5
1293.5
1293.5
1293.5
1293.5
1293.5
1293.5
1293.5
1293.5
1293.5
1293.5
1293.5
1293.5
1293.5
1293.5
1293.5
1293.5
1293.5
1293.5
1293.5
1293.5
1293.5
1293.5
1293.5
1293.5
1293.5
1293.5
1293.5
1293.5
1293.5
1293.5
1293.5
1293.5
1293.5
1293.5
1293.5
1293.5
1293.5
1293.5
1293.5
1293.5
1293.5
1293.5
1293.5
1293.5
1293.5
1293.5
1293.5
1293.5
1293.5
1293.5
1293.5
1293.5
1293.5
1293.5
1293.5
1293.5
1293.5
1293.5
1293.5
1293.5
1293.5
1293.5
1293.5
1293.5
1293.5
1293.5
1293.5
1293.5
1293.5
1293.5
1293.5
1293.5
1293.5
1293.5
1293.5
1293.5
1293.5
1293.5
1293.5
1293.5
1293.5
1293.5
1293.5
1293.5
1293.5
1293.5
1293.5
1293.5
1293.5
1293.5
1293.5
1293.5
1293.5
1293.5
1293.5
1293.5
1293.5
1293.5
1293.5
1293.5
1293.5
1293.5
1293.5
1293.5
1293.5
1293.5
1293.5
1293.5
1293.5
1293.5
1293.5
1293.5
1293.5
1293.5
1293.5
1293.5
1293.5
1293.5
1293.5
1293.5
1293.5
1293.5
1293.5
1293.5
1293.5
1293.5
1293.5
1293.5
1293.5
1293.5
1293.5
1293.5
1293.5
1293.5
1293.5
1293.5
1293.5
1293.5
1293.5
1293.5
1293.5
1293.5
1293.5
1293.5
1293.5
1293.5
1293.5
1293.5
1293.5
1293.5
1276.9
1276.9
1276.9
1276.9
1276.9
1276.9
1276.9
1276.9
1274.6
1274.6
1274.6
1274.6
1274.6
1274.6
1274.6
1274.6
1274.6
1274.6
1274.6
1274.6
1274.6
1274.6
1274.6
1274.6
1274.6
1274.6
1274.6
1274.6
1274.6
1274.6
1274.6
1274.6
1274.6
1274.6
1274.6
1274.6
1274.6
1274.6
1274.6
1274.6
1274.6
1274.6
1274.6
1274.6
1274.6
1274.6
1273.8
1273.8
1273.8
1273.8
1273.8
1273.8
1273.8
1273.8
1273.8
1273.8
1273.8
1273.8
1273.8
1273.8
1273.8
1273.8
1273.8
1273.8
1273.8
1273.8
1273.8
1273.8
1273.8
1270.4
1270.4
1270.4
1270.4
1270.4
1270.4
1270.4
1270.4
1270.4
1270.4
1270.4
1270.4
1270.4
1270.4
1268.9
1268.9
1268.9
1268.9
1268.9
1268.9
1268.9
1268.9
1268.9
1268.9
1268.9
1268.9
1268.9
1268.9
1268.9
1268.9
1268.9
1268.9
1268.9
1268.9
1268.9
1268.9
1268.9
1268.9
1268.9
1268.9
1268.9
1268.9
1268.9
1268.9
1268.9
1268.9
1268.9
1268.9
1268.9
1268.9
1268.9
1268.9
1268.9
1268.9
1268.9
1268.9
1268.9
1268.9
1268.9
1268.9
1268.9
1260.8
1260.8
1260.8
1260.8
1260.8
1260.8
1260.8
1260.8
1260.8
1260.8
1260.8
1260.8
1260.8
1260.8
1260.8
1260.8
1260.8
1260.8
1260.8
1260.8
1260.8
1260.8
1260.8
1260.8
1260.8
1260.8
1260.8
1260.8
1260.8
1260.8
1260.8
1260.8
1260.8
1260.8
1260.8
1260.8
1260.8
1260.8
1260.8
1260.8
1260.8
1260.8
1260.8
1260.8
1260.8
1260.8
1260.8
1260.8
1260.8
1260.8
1260.8
1260.8
1260.8
1260.8
1260.8
1260.8
1260.8
1260.8
1260.8
1257.1
1257.1
1257.1
1257.1
1257.1
1257.1
1257.1
1257.1
1257.1
1257.1
1257.1
1257.1
1257.1
1257.1
1257.1
1257.1
1257.1
1257.1
1257.1
1257.1
1257.1
1257.1
1257.1
1257.1
1257.1
1257.1
1257.1
1257.1
1257.1
1257.1
1257.1
1257.1
1257.1
1257.1
1257.1
1257.1
1257.1
1257.1
1257.1
1257.1
1257.1
1257.1
1257.1
1257.1
1257.1
1257.1
1257.1
1257.1
1257.1
1257.1
1257.1
1257.1
1257.1
1257.1
1257.1
1257.1
1257.1
1257.1
1257.1
1257.1
1257.1
1257.1
1257.1
1257.1
1251.3
1251.3
1251.3
1251.3
1251.3
1251.3
1251.3
1251.3
1251.3
1251.3
1251.3
1251.3
1251.3
1251.3
1251.3
1251.3
1251.3
1251.3
1251.3
1251.3
1251.3
1251.3
1251.3
1251.3
1251.3
1251.3
1251.3
1251.3
1251.3
1251.3
1251.3
1251.3
1251.3
1251.3
1251.3
1251.3
1251.3
1251.3
1251.3
1251.3
1251.3
1251.3
1251.3
1251.3
1251.3
1251.3
1251.3
1251.3
1251.3
1251.3
1251.3
1251.3
1251.3
1251.3
1251.3
1251.3
1251.3
1251.3
1251.3
1251.3
1251.3
1251.3
1251.3
1251.3
1251.3
1251.3
1251.3
1251.3
1251.3
1251.3
1251.3
1251.3
1251.3
1251.3
1251.3
1251.3
1251.3
1251.3
1251.3
1251.3
1251.3
1251.3
1251.3
1251.3
1251.3
1251.3
1251.3
1251.3
1251.3
1251.3
1251.3
1251.3
1251.3
1251.3
1251.3
1251.3
1251.3
1251.3
1251.3
1251.3
1251.3
1251.3
1251.3
1251.3
1251.3
1251.3
1251.3
1251.3
1251.3
1251.3
1251.3
1251.3
1251.3
1251.3
1251.3
1251.3
1251.3
1251.3
1246.6
1246.6
1246.6
1246.6
1246.6
1246.6
1246.6
1246.6
1246.6
1246.6
1246.6
1246.6
1246.6
1246.6
1246.6
1246.6
1246.6
1246.6
1246.6
1246.6
1246.6
1246.6
1246.6
1246.6
1246.6
1246.6
1246.6
1246.6
1246.6
1246.6
1246.6
1246.6
1246.6
1246.6
1246.6
1246.6
1246.6
1246.6
1246.6
1246.6
1246.6
1246.6
1246.6
1246.6
1246.6
1246.6
1246.6
1246.6
1246.6
1246.6
1246.6
1246.6
1246.6
1246.6
1246.6
1246.6
1246.6
1246.6
1246.6
1246.6
1236.2
1236.2
1236.2
1236.2
1236.2
1236.2
1236.2
1236.2
1236.2
1236.2
1236.2
1236.2
1236.2
1236.2
1236.2
1236.2
1236.2
1236.2
1236.2
1236.2
1236.2
1236.2
1236.2
1236.2
1236.2
1236.2
1236.2
1236.2
1236.2
1236.2
1236.2
1236.2
1236.2
1236.2
1236.2
1236.2
1236.2
1236.2
1236.2
1236.2
1236.2
1236.2
1236.2
1219.1
1219.1
1219.1
1219.1
1219.1
1219.1
1219.1
1219.1
1219.1
1219.1
1219.1
1219.1
1219.1
1219.1
1219.1
1219.1
1219.1
1219.1
1219.1
1219.1
1219.1
1219.1
1219.1
1219.1
1219.1
1219.1
1219.1
1219.1
1219.1
1219.1
1219.1
1219.1
1219.1
1219.1
1219.1
1219.1
1219.1
1219.1
1219.1
1219.1
1219.1
1217.7
1217.7
1217.7
1217.7
1217.7
1217.7
1217.7
1217.7
1217.7
1217.7
1217.7
1205.9
1205.9
1205.9
1205.9
1205.9
1205.9
1205.9
1205.9
1205.9
1205.9
1205.9
1205.9
1205.9
1205.9
1205.9
1205.9
1205.9
1205.9
1205.9
1205.9
1205.9
1205.9
1205.9
1205.9
1205.9
1205.9
1205.9
1205.9
1205.9
1205.9
1205.9
1205.9
1205.9
1205.9
1205.9
1205.9
1205.9
1205.9
1205.9
1205.9
1205.9
1205.9
1205.9
1205.9
1205.9
1205.9
1205.9
1205.9
1205.9
1205.9
1205.9
1205.9
1205.9
1205.9
1205.9
1205.9
1205.9
1205.9
1205.9
1205.9
1205.9
1205.9
1205.9
1205.9
1205.9
1205.9
1205.9
1205.9
1205.9
1205.9
1205.9
1205.9
1205.9
1205.9
1205.9
1205.9
1205.9
1205.9
1205.9
1205.9
1205.9
1205.9
1205.9
1205.9
1205.9
1205.9
1205.9
1205.9
1205.9
1205.9
1194.5
1194.5
1194.5
1194.5
1194.5
1194.5
1194.5
1194.5
1194.5
1194.5
1194.5
1194.5
1194.5
1194.5
1194.5
1194.5
1194.5
1194.5
1194.5
1194.5
1194.5
1194.5
1194.5
1194.5
1194.5
1194.5
1194.5
1194.5
1194.5
1194.5
1194.5
1194.5
1194.5
1194.5
1194.5
1194.5
1194.5
1194.5
1194.5
1194.5
1194.5
1194.5
1194.5
1194.5
1194.5
1194.5
1194.5
1194.5
1194.5
1194.5
1194.5
1194.5
1194.5
1194.5
1194.5
1194.5
1194.5
1189.1
1189.1
1189.1
1189.1
1189.1
1189.1
1189.1
1189.1
1189.1
1189.1
1189.1
1189.1
1189.1
1189.1
1189.1
1189.1
1189.1
1189.1
1189.1
1189.1
1189.1
1189.1
1189.1
1189.1
1189.1
1189.1
1189.1
1189.1
1189.1
1189.1
1189.1
1189.1
1189.1
1189.1
1189.1
1189.1
1189.1
1189.1
1189.1
1189.1
1189.1
1189.1
1189.1
1189.1
1189.1
1189.1
1189.1
1189.1
1189.1
1189.1
1189.1
1189.1
1189.1
1189.1
1189.1
1189.1
1189.1
1189.1
1189.1
1189.1
1189.1
1189.1
1189.1
1189.1
1189.1
1189.1
1189.1
1189.1
1189.1
1189.1
1189.1
1189.1
1189.1
1189.1
1189.1
1189.1
1189.1
1189.1
1189.1
1189.1
1189.1
1189.1
1189.1
1189.1
1189.1
1189.1
1189.1
1189.1
1189.1
1189.1
1189.1
1189.1
1189.1
1189.1
1189.1
1189.1
1189.1
1189.1
1189.1
1189.1
1187.2
1187.2
1187.2
1187.2
1187.2
1187.2
1187.2
1187.2
1187.2
1187.2
1187.2
1187.2
1187.2
1187.2
1187.2
1187.2
1187.2
1187.2
1187.2
1187.2
1187.2
1187.2
1187.2
1187.2
1187.2
1187.2
1187.2
1187.2
1187.2
1187.2
1187.2
1187.2
1186.3
1186.3
1186.3
1186.3
1186.3
1186.3
1186.3
1186.3
1186.3
1186.3
1186.3
1186.3
1186.3
1186.3
1186.3
1186.3
1186.3
1186.3
1186.3
1186.3
1186.3
1186.3
1186.3
1186.3
1186.3
1186.3
1186.3
1186.3
1186.3
1186.3
1186.3
1186.3
1186.3
1186.3
1186.3
1186.3
1186.3
1186.3
1186.3
1186.3
1186.3
1186.3
1186.3
1186.3
1186.3
1186.3
1186.3
1186.3
1186.3
1186.3
1186.3
1186.3
1186.3
1180.8
1180.8
1180.8
1180.8
1180.8
1180.8
1180.8
1180.8
1180.8
1180.8
1180.8
1180.8
1180.8
1180.8
1180.8
1180.8
1180.8
1180.8
1180.8
1180.8
1180.8
1180.8
1180.8
1180.8
1180.8
1180.8
1180.8
1180.8
1180.8
1180.8
1180.8
1180.8
1180.8
1180.8
1180.8
1180.8
1180.8
1180.8
1180.8
1180.8
1180.8
1180.8
1180.8
1180.8
1180.8
1180.8
1180.8
1180.8
1180.8
1180.8
1180.8
1180.8
1180.8
1180.8
1180.8
1180.8
1180.8
1180.8
1180.8
1180.8
1180.8
1180.8
1180.8
1180.8
1180.8
1180.8
1180.8
1180.8
1180.8
1180.8
1180.8
1180.8
1180.8
1180.8
1180.8
1180.8
1180.8
1180.8
1180.8
1180.8
1180.8
1180.8
1180.8
1180.8
1180.8
1180.8
1180.8
1180.8
1180.8
1180.8
1180.8
1180.8
1180.8
1180.8
1180.8
1180.8
1180.8
1180.8
1180.8
1180.8
1180.8
1180.8
1180.8
1180.8
1180.8
1180.8
1180.8
1180.8
1180.8
1180.8
1180.8
1180.8
1180.8
1180.8
1180.8
1180.8
1180.8
1180.8
1180.8
1180.8
1180.8
1180.8
1180.8
1180.8
1180.8
1180.8
1180.8
1180.8
1180.8
1171.2
1171.2
1171.2
1171.2
1171.2
1171.2
1171.2
1171.2
1171.2
1171.2
1171.2
1171.2
1171.2
1171.2
1171.2
1171.2
1171.2
1171.2
1171.2
1171.2
1171.2
1171.2
1171.2
1171.2
1171.2
1171.2
1171.2
1171.2
1171.2
1171.2
1171.2
1171.2
1171.2
1171.2
1171.2
1171.2
1171.2
1171.2
1171.2
1171.2
1171.2
1171.2
1171.2
1171.2
1171.2
1171.2
1171.2
1171.2
1171.2
1171.2
1171.2
1171.2
1171.2
1171.2
1171.2
1171.2
1171.2
1171.2
1170.5
1170.5
1170.5
1170.5
1170.5
1170.5
1170.5
1170.5
1170.5
1170.5
1170.5
1170.5
1170.5
1170.5
1170.5
1170.5
1170.5
1170.5
1170.5
1170.5
1170.5
1170.5
1170.5
1170.5
1170.5
1170.5
1170.5
1170.5
1170.5
1170.5
1170.5
1170.5
1170.5
1170.5
1170.5
1170.5
1170.5
1170.5
1170.5
1170.5
1170.5
1170.5
1170.5
1170.5
1170.5
1170.5
1170.5
1170.5
1170.5
1170.5
1170.5
1170.5
1170.5
1170.5
1170.5
1170.5
1170.5
1170.5
1170.5
1170.5
1170.5
1170.5
1170.5
1170.5
1170.5
1170.5
1170.5
1170.5
1170.5
1170.5
1170.5
1170.5
1170.5
1170.5
1170.5
1170.5
1170.5
1170.5
1170.5
1170.5
1170.5
1170.5
1170.5
1170.5
1170.5
1170.5
1170.5
1170.5
1170.5
1170.5
1170.5
1161.3
1161.3
1161.3
1161.3
1161.3
1161.3
1161.3
1161.3
1161.3
1161.3
1161.3
1161.3
1161.3
1161.3
1161.3
1161.3
1161.3
1161.3
1161.3
1161.3
1161.3
1161.3
1161.3
1161.3
1161.3
1161.3
1161.3
1161.3
1161.3
1161.3
1161.3
1161.3
1161.3
1161.3
1161.3
1161.3
1161.3
1161.3
1161.3
1161.3
1161.3
1161.3
1161.3
1161.3
1161.3
1161.3
1161.3
1161.3
1161.3
1161.3
1161.3
1161.3
1161.3
1161.3
1161.3
1161.3
1161.3
1161.3
1161.3
1160.9
1160.9
1160.9
1160.9
1160.9
1160.9
1160.9
1160.9
1160.9
1160.9
1160.9
1160.9
1160.9
1160.9
1160.9
1160.9
1160.9
1160.9
1160.9
1160.9
1160.9
1160.9
1160.9
1160.9
1160.9
1160.9
1160.9
1160.9
1160.9
1160.9
1160.9
1160.9
1160.9
1160.9
1160.9
1160.9
1160.9
1160.9
1160.9
1160.9
1160.9
1160.9
1160.9
1160.9
1160.9
1160.9
1160.9
1160.9
1160.9
1160.9
1160.9
1160.9
1160.9
1160.9
1160.9
1160.9
1160.9
1160.9
1160.9
1160.9
1160.9
1160.9
1160.9
1160.9
1160.9
1160.9
1160.9
1160.9
1160.9
1160.9
1160.9
1160.9
1160.9
1160.9
1160.9
1160.9
1160.9
1160.9
1160.9
1160.9
1160.9
1160.9
1160.9
1160.9
1160.9
1160.9
1160.9
1160.9
1160.9
1160.9
1160.9
1160.9
1160.9
1160.9
1160.9
1160.9
1160.9
1160.9
1160.9
1160.9
1160.9
1160.9
1160.9
1160.9
1160.9
1160.9
1160.9
1160.9
1160.9
1160.9
1160.9
1160.9
1160.9
1160.9
1160.9
1160.9
1160.9
1160.9
1160.9
1160.9
1160.9
1160.9
1160.9
1160.9
1160.9
1160.9
1160.9
1160.9
1160.9
1160.9
1160.9
1160.9
1160.9
1160.9
1160.9
1160.9
1160.9
1160.9
1160.9
1160.9
1160.9
1160.9
1160.9
1160.9
1160.9
1160.9
1160.9
1160.9
1160.9
1160.9
1160.9
1160.9
1160.9
1160.9
1160.9
1160.1
1160.1
1160.1
1160.1
1160.1
1160.1
1160.1
1160.1
1160.1
1160.1
1160.1
1160.1
1160.1
1160.1
1160.1
1160.1
1160.1
1160.1
1160.1
1160.1
1160.1
1160.1
1160.1
1160.1
1160.1
1160.1
1160.1
1160.1
1160.1
1160.1
1160.1
1160.1
1160.1
1160.1
1160.1
1160.1
1160.1
1160.1
1160.1
1160.1
1160.1
1160.1
1160.1
1160.1
1160.1
1160.1
1160.1
1160.1
1160.1
1160.1
1160.1
1160.1
1160.1
1160.1
1160.1
1160.1
1160.1
1160.1
1160.1
1160.1
1160.1
1160.1
1160.1
1160.1
1160.1
1160.1
1160.1
1160.1
1160.1
1160.1
1160.1
1160.1
1160.1
1160.1
1160.1
1160.1
1160.1
1160.1
1160.1
1160.1
1160.1
1160.1
1160.1
1160.1
1160.1
1160.1
1160.1
1160.1
1160.1
1160.1
1160.1
1160.1
1160.1
1160.1
1160.1
1160.1
1160.1
1160.1
1160.1
1160.1
1160.1
1160.1
1160.1
1160.1
1160.1
1160.1
1160.1
1160.1
1160.1
1160.1
1160.1
1160.1
1160.1
1160.1
1160.1
1160.1
1160.1
1160.1
1160.1
1160.1
1160.1
1160.1
1160.1
1160.1
1160.1
1160.1
1160.1
1160.1
1160.1
1160.1
1160.1
1160.1
1160.1
1160.1
1160.1
1160.1
1160.1
1160.1
1160.1
1160.1
1160.1
1160.1
1160.1
1160.1
1160.1
1160.1
1160.1
1153.8
1153.8
1153.8
1153.8
1153.8
1153.8
1153.8
1153.8
1153.8
1153.8
1153.8
1153.8
1153.8
1153.8
1153.8
1153.8
1153.8
1153.8
1153.8
1153.8
1153.8
1153.8
1153.8
1153.8
1153.8
1153.8
1153.8
1153.8
1153.8
1153.8
1153.8
1153.8
1153.8
1153.8
1153.8
1153.8
1153.8
1153.8
1153.8
1153.8
1153.8
1153.8
1153.8
1153.8
1153.8
1153.8
1153.8
1153.8
1153.8
1153.8
1153.8
1153.8
1147.1
1147.1
1147.1
1147.1
1147.1
1147.1
1147.1
1147.1
1147.1
1147.1
1147.1
1147.1
1147.1
1147.1
1147.1
1147.1
1147.1
1147.1
1147.1
1147.1
1147.1
1147.1
1147.1
1147.1
1147.1
1147.1
1147.1
1147.1
1147.1
1147.1
1147.1
1147.1
1147.1
1147.1
1147.1
1147.1
1147.1
1147.1
1147.1
1147.1
1147.1
1147.1
1147.1
1147.1
1147.1
1147.1
1147.1
1147.1
1147.1
1147.1
1147.1
1147.1
1147.1
1147.1
1147.1
1147.1
1147.1
1147.1
1147.1
1147.1
1147.1
1147.1
1147.1
1147.1
1147.1
1147.1
1147.1
1147.1
1147.1
1147.1
1147.1
1147.1
1147.1
1147.1
1147.1
1147.1
1147.1
1147.1
1147.1
1147.1
1147.1
1147.1
1147.1
1147.1
1147.1
1147.1
1147.1
1147.1
1147.1
1147.1
1147.1
1147.1
1147.1
1147.1
1147.1
1147.1
1147.1
1147.1
1147.1
1147.1
1147.1
1147.1
1147.1
1147.1
1147.1
1147.1
1147.1
1147.1
1147.1
1147.1
1147.1
1147.1
1147.1
1147.1
1147.1
1147.1
1147.1
1147.1
1147.1
1147.1
1147.1
1147.1
1147.1
1147.1
1147.1
1147.1
1147.1
1147.1
1147.1
1147.1
1147.1
1147.1
1147.1
1147.1
1147.1
1147.1
1147.1
1147.1
1147.1
1147.1
1147.1
1147.1
1147.1
1147.1
1147.1
1147.1
1147.1
1147.1
1147.1
1147.1
1147.1
1147.1
1147.1
1147.1
1147.1
1147.1
1147.1
1147.1
1147.1
1147.1
1147.1
1147.1
1147.1
1147.1
1147.1
1147.1
1147.1
1147.1
1147.1
1147.1
1147.1
1147.1
1147.1
1147.1
1147.1
1147.1
1147.1
1147.1
1147.1
1147.1
1147.1
1147.1
1147.1
1147.1
1147.1
1147.1
1147.1
1147.1
1147.1
1147.1
1147.1
1147.1
1147.1
1147.1
1147.1
1147.1
1147.1
1147.1
1147.1
1147.1
1147.1
1147.1
1147.1
1147.1
1147.1
1147.1
1147.1
1147.1
1147.1
1146.8
1146.8
1146.8
1146.8
1146.8
1146.8
1146.8
1146.8
1146.8
1146.8
1146.8
1146.8
1146.8
1146.8
1146.8
1146.8
1146.8
1146.8
1146.8
1146.8
1146.8
1143.7
1143.7
1143.7
1142.1
1142.1
1142.1
1142.1
1142.1
1142.1
1142.1
1142.1
1142.1
1142.1
1142.1
1142.1
1142.1
1142.1
1142.1
1142.1
1142.1
1142.1
1142.1
1142.1
1142.1
1142.1
1142.1
1142.1
1142.1
1142.1
1142.1
1142.1
1142.1
1142.1
1142.1
1142.1
1142.1
1142.1
1142.1
1142.1
1142.1
1142.1
1142.1
1142.1
1142.1
1142.1
1142.1
1142.1
1137.3
1137.3
1137.3
1137.3
1137.3
1137.3
1137.3
1137.3
1137.3
1137.3
1137.3
1137.3
1137.3
1137.3
1137.3
1137.3
1137.3
1137.3
1137.3
1137.3
1137.3
1137.3
1137.3
1135.3
1135.3
1135.3
1135.3
1135.3
1135.3
1135.3
1135.3
1135.3
1135.3
1135.3
1135.3
1135.3
1135.3
1135.3
1135.3
1135.3
1135.3
1135.3
1135.3
1135.3
1135.3
1135.3
1135.3
1135.3
1135.3
1135.3
1135.3
1135.3
1135.3
1135.3
1135.3
1135.3
1135.3
1135.3
1135.3
1135.3
1135.3
1135.3
1135.3
1135.3
1135.3
1135.3
1135.3
1135.3
1135.3
1135.3
1135.3
1135.3
1135.3
1135.3
1135.3
1135.3
1135.3
1135.3
1135.3
1135.3
1135.3
1135.3
1135.3
1135.3
1135.3
1135.3
1135.3
1135.3
1135.3
1135.3
1135.3
1135.3
1135.3
1135.3
1135.3
1135.3
1135.3
1135.3
1135.3
1135.3
1135.3
1135.3
1135.3
1135.3
1135.3
1135.3
1135.3
1135.3
1135.3
1135.3
1135.3
1135.3
1135.3
1135.3
1135.3
1135.3
1135.3
1135.3
1135.3
1135.3
1122.7
1122.7
1122.7
1122.7
1122.7
1122.7
1122.7
1122.7
1122.7
1122.7
1122.7
1122.7
1122.7
1122.7
1122.7
1122.7
1122.7
1122.7
1122.7
1122.7
1122.7
1122.7
1122.7
1122.7
1122.7
1122.7
1122.7
1122.7
1122.7
1122.7
1122.7
1122.7
1122.7
1122.7
1122.7
1122.7
1122.7
1122.7
1122.7
1122.7
1122.7
1122.7
1122.7
1122.7
1122.7
1122.7
1122.7
1122.7
1122.7
1122.7
1122.7
1122.7
1122.7
1122.7
1122.7
1122.7
1122.7
1122.7
1122.7
1122.7
1122.7
1122.7
1122.7
1122.7
1122.7
1122.7
1122.7
1122.7
1122.7
1122.7
1122.7
1122.7
1122.7
1122.7
1122.7
1122.7
1122.7
1122.7
1122.7
1122.7
1122.7
1122.7
1122.7
1122.7
1122.7
1122.7
1122.7
1122.7
1122.7
1122.7
1122.7
1122.7
1122.7
1122.7
1122.7
1122.7
1122.7
1122.7
1122.7
1122.7
1122.7
1122.3
1122.3
1122.3
1122.3
1122.3
1122.3
1122.3
1122.3
1122.3
1122.3
1122.3
1122.3
1122.3
1122.3
1122.3
1122.3
1122.3
1122.3
1122.3
1122.3
1122.3
1122.3
1122.3
1122.3
1122.3
1122.3
1122.3
1122.3
1122.3
1122.3
1122.3
1122.3
1122.3
1122.3
1122.3
1122.3
1122.3
1122.3
1122.3
1122.3
1122.3
1122.3
1122.3
1122.3
1122.3
1122.3
1122.3
1122.3
1122.3
1122.3
1122.3
1122.3
1122.3
1122.3
1122.3
1122.3
1122.3
1122.3
1122.3
1122.3
1122.3
1122.3
1122.3
1122.3
1122.3
1122.3
1122.3
1122.3
1122.3
1122.3
1122.3
1122.3
1122.3
1122.3
1122.3
1122.3
1122.3
1122.3
1122.3
1122.3
1122.3
1122.3
1122.3
1122.3
1122.3
1122.3
1122.3
1122.3
1122.3
1122.3
1122.3
1122.3
1122.3
1122.3
1122.3
1122.3
1122.3
1122.3
1122.3
1122.3
1122.3
1122.3
1122.3
1122.3
1122.3
1122.3
1122.3
1122.3
1122.3
1122.3
1122.3
1122.3
1122.3
1122.3
1122.3
1122.3
1122.3
1122.3
1122.3
1122.3
1122.3
1122.3
1122.3
1122.3
1122.3
1122.3
1122.3
1122.3
1122.3
1122.3
1122.3
1122.3
1122.3
1122.3
1122.3
1122.3
1122.3
1122.3
1122.3
1122.3
1122.3
1122.3
1122.3
1122.3
1122.3
1122.3
1122.3
1122.3
1122.3
1122.3
1122.3
1122.3
1122.3
1122.3
1122.3
1122.3
1122.3
1122.3
1122.3
1122.3
1122.3
1122.3
1122.3
1122.3
1122.3
1122.3
1122.3
1122.3
1122.3
1122.3
1122.3
1122.3
1122.3
1122.3
1122.3
1122.3
1122.3
1122.3
1122.3
1122.3
1122.3
1122.3
1122.3
1122.3
1122.3
1122.3
1122.3
1122.3
1122.3
1122.3
1122.3
1122.3
1122.3
1122.3
1122.3
1122.3
1122.3
1122.3
1122.3
1122.3
1122.3
1122.3
1122.3
1122.3
1122.3
1122.3
1122.3
1122.3
1122.3
1122.3
1122.3
1122.3
1122.3
1122.3
1122.3
1122.3
1122.3
1122.3
1122.3
1122.3
1122.3
1122.3
1122.3
1122.3
1122.3
1122.3
1122.3
1122.3
1122.3
1122.3
1122.3
1122.3
1122.3
1122.3
1122.3
1122.3
1122.3
1122.3
1122.3
1122.3
1122.3
1122.3
1122.3
1122.3
1122.3
1122.3
1122.3
1122.3
1122.3
1122.3
1122.3
1122.3
1122.3
1122.3
1122.3
1122.3
1122.3
1122.3
1122.3
1122.3
1122.3
1122.3
1122.3
1122.3
1122.3
1122.3
1122.3
1122.3
1122.3
1122.3
1122.3
1122.3
1122.3
1122.3
1122.3
1121.9
1121.9
1121.9
1121.9
1121.9
1121.9
1121.9
1121.9
1121.9
1121.9
1121.9
1121.9
1121.9
1121.9
1117.5
1117.5
1117.5
1117.5
1117.5
1117.5
1117.5
1117.5
1117.5
1117.5
1117.5
1117.5
1117.5
1117.5
1117.5
1117.5
1117.5
1117.5
1117.5
1117.5
1117.5
1117.5
1117.5
1117.5
1117.5
1114.2
1114.2
1114.2
1114.2
1114.2
1114.2
1114.2
1114.2
1114.2
1114.2
1114.2
1114.2
1114.2
1114.2
1114.2
1114.2
1114.2
1114.2
1114.2
1114.2
1114.2
1114.2
1114.2
1114.2
1114.2
1114.2
1114.2
1114.2
1114.2
1114.2
1114.2
1114.2
1114.2
1114.2
1114.2
1114.2
1114.2
1114.2
1114.2
1114.2
1114.2
1114.2
1114.2
1114.2
1114.2
1114.2
1114.2
1114.2
1114.2
1114.2
1114.2
1114.2
1114.2
1114.2
1114.2
1114.2
1114.2
1114.2
1114.2
1114.2
1112.1
1112.1
1112.1
1112.1
1112.1
1112.1
1112.1
1112.1
1112.1
1112.1
1112.1
1112.1
1112.1
1112.1
1112.1
1112.1
1112.1
1112.1
1112.1
1112.1
1112.1
1112.1
1112.1
1112.1
1112.1
1112.1
1112.1
1112.1
1112.1
1112.1
1112.1
1112.1
1112.1
1112.1
1112.1
1112.1
1112.1
1112.1
1112.1
1112.1
1112.1
1112.1
1112.1
1111.9
1111.9
1111.9
1111.9
1111.9
1111.9
1111.9
1111.9
1111.9
1111.9
1111.9
1111.9
1111.9
1111.9
1111.9
1111.9
1111.9
1111.9
1111.9
1111.9
1111.9
1111.9
1111.9
1111.9
1111.9
1111.9
1111.9
1111.9
1111.9
1111.9
1111.9
1111.9
1111.9
1111.9
1111.9
1111.9
1111.9
1111.9
1111.9
1111.9
1111.9
1111.9
1111.9
1111.9
1111.9
1111.9
1111.9
1111.9
1111.9
1111.9
1111.9
1111.9
1111.9
1111.9
1111.9
1111.9
1111.9
1111.9
1111.9
1111.9
1111.9
1111.9
1111.9
1111.9
1111.9
1111.9
1111.9
1111.9
1111.9
1111.9
1111.9
1111.9
1111.9
1111.9
1111.9
1111.9
1111.9
1111.9
1111.9
1111.9
1104.3
1104.3
1104.3
1104.3
1104.3
1104.3
1104.3
1104.3
1104.3
1104.3
1104.3
1104.3
1104.3
1104.3
1104.3
1104.3
1104.3
1104.3
1104.3
1104.3
1104.3
1104.3
1104.3
1104.3
1104.3
1104.3
1104.3
1104.3
1104.3
1104.3
1104.3
1104.3
1104.3
1104.3
1104.3
1104.3
1104.3
1104.3
1104.3
1104.3
1104.3
1104.3
1104.3
1104.3
1104.3
1104.3
1104.3
1104.3
1104.3
1104.3
1104.3
1104.3
1104.3
1104.3
1104.3
1104.3
1104.3
1104.3
1104.3
1104.3
1104.3
1104.3
1104.3
1104.3
1104.3
1104.3
1104.3
1104.3
1104.3
1104.3
1104.3
1104.3
1104.3
1104.3
1104.3
1104.3
1104.3
1104.3
1104.3
1104.3
1104.3
1104.3
1104.3
1104.3
1104.3
1104.3
1104.3
1104.3
1104.3
1104.3
1104.3
1104.3
1104.3
1104.3
1104.3
1104.3
1104.3
1104.3
1104.3
1104.3
1104.3
1104.3
1104.3
1104.3
1104.3
1104.3
1104.3
1104.3
1104.3
1104.3
1104.3
1104.3
1104.3
1104.3
1104.3
1104.3
1104.3
1104.3
1104.3
1104.3
1104.3
1104.3
1104.3
1104.3
1104.3
1104.3
1104.3
1104.3
1104.3
1104.3
1104.3
1104.3
1104.3
1104.3
1104.3
1104.3
1104.3
1104.3
1104.3
1104.3
1104.3
1104.3
1104.3
1104.3
1104.3
1104.3
1104.3
1104.3
1104.3
1104.3
1104.3
1104.3
1104.3
1104.3
1104.3
1104.3
1104.3
1104.3
1104.3
1104.3
1104.3
1104.3
1104.3
1104.3
1104.3
1104.3
1104.3
1104.3
1104.3
1104.3
1104.3
1104.3
1104.3
1104.3
1104.3
1104.3
1104.3
1104.3
1104.3
1104.3
1104.3
1104.3
1104.3
1104.3
1104.3
1104.3
1104.3
1104.3
1104.3
1104.3
1104.3
1104.3
1104.3
1104.3
1104.3
1104.3
1104.3
1104.3
1104.3
1104.3
1104.3
1104.3
1104.3
1104.3
1104.3
1104.3
1104.3
1104.3
1104.3
1104.3
1104.3
1104.3
1104.3
1104.3
1104.3
1104.3
1104.3
1104.3
1104.3
1104.3
1104.3
1104.3
1104.3
1104.3
1104.3
1104.3
1104.3
1104.3
1104.3
1104.3
1104.3
1104.3
1104.3
1104.3
1104.3
1104.3
1104.3
1104.3
1104.3
1104.3
1104.3
1104.3
1104.3
1104.3
1104.3
1104.3
1104.3
1104.3
1104.3
1104.3
1104.3
1104.3
1104.3
1104.3
1104.3
1104.3
1104.3
1104.3
1104.3
1104.3
1104.3
1104.3
1104.3
1104.3
1104.3
1104.3
1104.3
1104.3
1104.3
1104.3
1104.3
1104.3
1104.3
1104.3
1104.3
1104.3
1104.3
1104.3
1104.3
1104.3
1104.3
1104.3
1104.3
1104.3
1104.3
1104.3
1104.3
1104.3
1104.3
1104.3
1104.3
1104.3
1104.3
1104.3
1104.3
1104.3
1104.3
1104.3
1104.3
1104.3
1104.3
1104.3
1104.3
1104.3
1104.3
1104.3
1104.3
1104.3
1104.3
1104.3
1104.3
1104.3
1104.3
1104.3
1104.3
1104.3
1104.3
1104.3
1104.3
1104.3
1104.3
1104.3
1104.3
1104.3
1104.3
1104.3
1104.3
1104.3
1104.3
1104.3
1104.3
1104.3
1104.3
1104.3
1104.3
1104.3
1104.3
1104.3
1104.3
1104.3
1104.3
1104.3
1104.3
1104.3
1104.3
1104.3
1104.3
1104.3
1104.3
1104.3
1104.3
1104.3
1104.3
1104.3
1104.3
1104.3
1104.3
1104.3
1104.3
1101.2
1101.2
1101.2
1101.2
1101.2
1101.2
1101.2
1068.9
1068.9
1068.9
1068.9
1068.9
1068.9
1068.9
1068.9
1068.9
1068.9
1068.9
1068.9
1068.9
1068.9
1068.9
1068.9
1068.9
1068.9
1068.9
1068.9
1068.9
1068.9
1068.9
1068.9
1068.9
1068.9
1068.9
1068.9
1068.9
1068.9
1068.9
1068.9
1068.9
1068.9
1068.9
1068.9
1068.9
1068.9
1068.9
1068.9
1068.9
1068.9
1068.9
1068.9
1068.9
1068.9
1068.9
1068.9
1068.9
1068.9
1068.9
1068.9
1068.9
1068.9
1068.9
1068.9
1068.9
1068.9
1068.9
1068.9
1068.9
1068.9
1068.9
1068.9
1068.9
1068.9
1068.9
1068.9
1068.9
1068.9
1067.2
1067.2
1067.2
1067.2
1067.2
1067.2
1067.2
1067.2
1067.2
1067.2
1067.2
1067.2
1067.2
1067.2
1067.2
1067.2
1067.2
1067.2
1067.2
1067.2
1067.2
1067.2
1067.2
1067.2
1067.2
1067.2
1067.2
1067.2
1067.2
1067.2
1067.2
1067.2
1067.2
1067.2
1067.2
1067.2
1067.2
1067.2
1067.2
1067.2
1067.2
1067.2
1067.2
1067.2
1067.2
1067.2
1067.2
1067.2
1067.2
1067.2
1067.2
1067.2
1067.2
1067.2
1067.2
1067.2
1067.2
1067.2
1067.2
1064.1
1064.1
1064.1
1064.1
1064.1
1064.1
1064.1
1064.1
1064.1
1064.1
1064.1
1064.1
1064.1
1064.1
1064.1
1064.1
1064.1
1064.1
1064.1
1064.1
1064.1
1064.1
1064.1
1064.1
1064.1
1064.1
1064.1
1064.1
1064.1
1064.1
1064.1
1064.1
1064.1
1064.1
1064.1
1064.1
1064.1
1064.1
1064.1
1064.1
1064.1
1064.1
1064.1
1064.1
1064.1
1064.1
1064.1
1064.1
1064.1
1064.1
1064.1
1064.1
1064.1
1064.1
1064.1
1064.1
1063.3
1063.3
1063.3
1063.3
1063.3
1063.3
1063.3
1063.3
1063.3
1063.3
1063.3
1063.3
1063.3
1063.3
1063.3
1063.3
1063.3
1063.3
1063.3
1063.3
1063.3
1063.3
1063.3
1063.3
1063.3
1063.3
1063.3
1063.3
1063.3
1063.3
1063.3
1063.3
1063.3
1063.3
1063.3
1063.3
1063.3
1063.3
1063.3
1063.3
1063.3
1063.3
1063.3
1063.3
1063.3
1063.3
1063.3
1063.3
1063.3
1063.3
1063.3
1063.3
1063.3
1063.3
1063.3
1063.3
1063.3
1063.3
1063.3
1063.3
1063.3
1063.3
1063.3
1063.3
1063.3
1063.3
1063.3
1063.3
1063.3
1063.3
1063.3
1063.3
1063.3
1063.3
1063.3
1063.3
1063.3
1063.3
1063.3
1063.3
1063.3
1063.3
1063.3
1063.3
1063.3
1063.3
1063.3
1063.3
1063.3
1063.3
1063.3
1063.3
1063.3
1063.3
1063.3
1063.3
1063.3
1063.3
1063.3
1063.3
1063.3
1063.3
1063.3
1063.3
1063.3
1063.3
1063.3
1063.3
1063.3
1063.3
1063.3
1063.3
1063.3
1063.3
1063.3
1063.3
1063.3
1063.3
1063.3
1063.3
1063.3
1063.3
1063.3
1063.3
1063.3
1063.3
1063.3
1063.3
1063.3
1063.3
1063.3
1063.3
1063.3
1063.3
1063.3
1063.3
1063.3
1063.3
1063.3
1063.3
1063.3
1063.3
1063.3
1063.3
1063.3
1063.0
1063.0
1063.0
1063.0
1063.0
1063.0
1063.0
1063.0
1063.0
1063.0
1063.0
1063.0
1063.0
1063.0
1063.0
1063.0
1063.0
1063.0
1063.0
1063.0
1063.0
1063.0
1063.0
1063.0
1063.0
1063.0
1063.0
1063.0
1063.0
1063.0
1063.0
1063.0
1063.0
1063.0
1063.0
1063.0
1063.0
1063.0
1063.0
1063.0
1063.0
1063.0
1063.0
1063.0
1063.0
1063.0
1063.0
1063.0
1063.0
1063.0
1063.0
1063.0
1063.0
1063.0
1063.0
1063.0
1063.0
1063.0
1063.0
1063.0
1063.0
1063.0
1063.0
1063.0
1063.0
1063.0
1063.0
1063.0
1063.0
1063.0
1063.0
1063.0
1063.0
1063.0
1063.0
1063.0
1063.0
1063.0
1063.0
1063.0
1063.0
1063.0
1063.0
1063.0
1063.0
1063.0
1063.0
1063.0
1063.0
1063.0
1063.0
1063.0
1063.0
1063.0
1063.0
1063.0
1063.0
1063.0
1063.0
1063.0
1063.0
1063.0
1063.0
1063.0
1063.0
1063.0
1063.0
1063.0
1063.0
1063.0
1063.0
1063.0
1063.0
1063.0
1063.0
1063.0
1063.0
1063.0
1063.0
1063.0
1063.0
1063.0
1063.0
1063.0
1063.0
1063.0
1063.0
1063.0
1063.0
1063.0
1063.0
1063.0
1063.0
1063.0
1063.0
1063.0
1063.0
1063.0
1063.0
1063.0
1063.0
1063.0
1063.0
1063.0
1063.0
1063.0
1063.0
1063.0
1063.0
1063.0
1063.0
1063.0
1063.0
1063.0
1063.0
1063.0
1063.0
1063.0
1063.0
1063.0
1063.0
1063.0
1063.0
1063.0
1063.0
1063.0
1063.0
1063.0
1063.0
1063.0
1063.0
1063.0
1063.0
1063.0
1063.0
1063.0
1063.0
1063.0
1063.0
1058.5
1058.5
1058.5
1058.5
1058.5
1058.5
1058.5
1058.5
1058.5
1058.5
1058.5
1058.5
1058.5
1058.5
1058.5
1058.5
1058.5
1058.5
1058.5
1058.5
1058.5
1058.5
1058.5
1058.5
1058.5
1058.5
1058.5
1053.1
1053.1
1053.1
1053.1
1053.1
1053.1
1053.1
1053.1
1053.1
1053.1
1053.1
1053.1
1053.1
1053.1
1053.1
1053.1
1053.1
1053.1
1053.1
1053.1
1053.1
1053.1
1053.1
1053.1
1053.1
1053.1
1053.1
1053.1
1053.1
1053.1
1053.1
1053.1
1053.1
1053.1
1053.1
1053.1
1053.1
1053.1
1053.1
1053.1
1053.1
1053.1
1053.1
1053.1
1053.1
1053.1
1053.1
1053.1
1053.1
1053.1
1053.1
1053.1
1053.1
1053.1
1053.1
1053.1
1053.1
1053.1
1053.1
1053.1
1053.1
1053.1
1053.1
1053.1
1053.1
1053.1
1053.1
1053.1
1053.1
1053.1
1053.1
1053.1
1053.1
1053.1
1053.1
1053.1
1053.1
1053.1
1053.1
1053.1
1053.1
1053.1
1053.1
1053.1
1053.1
1053.1
1053.1
1053.1
1053.1
1053.1
1053.1
1053.1
1053.1
1053.1
1053.1
1053.1
1053.1
1053.1
1053.1
1053.1
1053.1
1053.1
1053.1
1053.1
1053.1
1053.1
1053.1
1053.1
1053.1
1053.1
1053.1
1053.1
1053.1
1053.1
1053.1
1053.1
1053.1
1053.1
1053.1
1053.1
1053.1
1053.1
1053.1
1053.1
1053.1
1053.1
1053.1
1053.1
1053.1
1053.1
1053.1
1053.1
1053.1
1053.1
1053.1
1053.1
1053.1
1053.1
1053.1
1053.1
1053.1
1053.1
1053.1
1053.1
1053.1
1053.1
1053.1
1053.1
1053.1
1053.1
1045.1
1045.1
1045.1
1045.1
1045.1
1045.1
1045.1
1045.1
1045.1
1045.1
1045.1
1045.1
1045.1
1045.1
1045.1
1045.1
1045.1
1045.1
1045.1
1045.1
1045.1
1045.1
1045.1
1045.1
1045.1
1045.1
1045.1
1045.1
1045.1
1045.1
1045.1
1045.1
1045.1
1045.1
1045.1
1045.1
1045.1
1045.1
1045.1
1045.1
1045.1
1045.1
1045.1
1045.1
1045.1
1045.1
1045.1
1045.1
1045.1
1045.1
1045.1
1045.1
1045.1
1045.1
1045.1
1045.1
1045.1
1045.1
1045.1
1045.1
1045.1
1045.1
1045.1
1045.1
1045.1
1045.1
1045.1
1045.1
1045.1
1045.1
1045.1
1045.1
1045.1
1045.1
1045.1
1045.1
1045.1
1045.1
1045.1
1045.1
1045.1
1045.1
1045.1
1045.1
1045.1
1045.1
1045.1
1045.1
1045.1
1045.1
1045.1
1045.1
1045.1
1045.1
1045.1
1045.1
1045.1
1045.1
1045.1
1045.1
1045.1
1045.1
1045.1
1045.1
1045.1
1045.1
1045.1
1045.1
1045.1
1045.1
1045.1
1045.1
1045.1
1045.1
1045.1
1045.1
1045.1
1045.1
1045.1
1045.1
1045.1
1045.1
1045.1
1045.1
1045.1
1045.1
1045.1
1045.1
1045.1
1045.1
1045.1
1045.1
1045.1
1045.1
1045.1
1045.1
1045.1
1045.1
1045.1
1045.1
1045.1
1045.1
1045.1
1045.1
1045.1
1045.1
1045.1
1045.1
1045.1
1045.1
1045.1
1045.1
1045.1
1045.1
1045.1
1045.1
1045.1
1045.1
1045.1
1045.1
1045.1
1045.1
1045.1
1045.1
1045.1
1045.1
1045.1
1045.1
1045.1
1045.1
1045.1
1045.1
1045.1
1045.1
1045.1
1045.1
1045.1
1045.1
1045.1
1045.1
1045.1
1045.1
1045.1
1045.1
1045.1
1045.1
1045.1
1045.1
1045.1
1045.1
1045.1
1045.1
1045.1
1045.1
1045.1
1045.1
1045.1
1045.1
1045.1
1045.1
1045.1
1045.1
1045.1
1045.1
1045.1
1045.1
1045.1
1045.1
1045.1
1045.1
1045.1
1045.1
1045.1
1045.1
1045.1
1045.1
1045.1
1045.1
1045.1
1045.1
1045.1
1045.1
1045.1
1045.1
1045.1
1045.1
1042.7
1042.7
1042.7
1042.7
1042.7
1042.7
1042.7
1042.7
1042.7
1042.7
1042.7
1042.7
1042.7
1042.7
1042.7
1042.7
1042.7
1042.7
1042.7
1042.7
1042.7
1042.7
1042.7
1042.7
1042.7
1042.7
1042.7
1042.7
1042.7
1042.7
1042.7
1042.7
1042.7
1042.7
1042.7
1042.7
1042.7
1042.7
1042.7
1042.7
1042.7
1042.7
1042.7
1042.7
1042.7
1042.7
1042.7
1042.7
1042.7
1042.7
1042.7
1042.7
1042.7
1042.7
1042.7
1042.7
1042.7
1042.7
1042.7
1042.7
1042.7
1042.7
1042.7
1042.7
1042.7
1042.7
1042.7
1042.7
1042.7
1042.7
1042.7
1042.7
1042.7
1042.7
1042.7
1042.7
1042.7
1042.7
1042.7
1042.7
1042.7
1042.7
1042.7
1042.7
1042.7
1042.7
1042.7
1042.7
1042.7
1042.7
1042.7
1042.7
1042.7
1042.7
1042.7
1042.7
1042.7
1042.7
1042.7
1042.7
1042.7
1042.7
1042.7
1042.7
1042.7
1042.7
1042.7
1042.7
1042.7
1042.7
1042.7
1042.7
1042.7
1042.7
1042.7
1042.7
1042.7
1042.7
1042.7
1042.7
1042.7
1042.7
1042.7
1042.7
1042.7
1042.7
1042.7
1042.7
1042.7
1042.7
1042.7
1042.7
1042.7
1042.7
1042.7
1042.7
1042.7
1042.7
1042.7
1042.7
1042.7
1042.7
1042.7
1042.7
1042.7
1042.7
1042.7
1042.7
1042.7
1042.7
1042.7
1042.7
1042.7
1042.7
1042.7
1042.7
1042.7
1042.7
1042.7
1042.7
1042.7
1042.7
1042.7
1042.7
1042.7
1042.7
1042.7
1042.7
1042.7
1042.7
1042.7
1042.7
1042.7
1042.7
1042.7
1042.7
1042.7
1042.7
1042.7
1042.7
1042.7
1042.7
1042.7
1042.7
1042.7
1042.7
1042.7
1042.7
1042.7
1042.7
1042.7
1042.7
1042.7
1042.7
1042.7
1042.7
1042.7
1042.7
1042.7
1042.7
1042.7
1042.7
1042.7
1042.7
1042.7
1042.7
1042.7
1042.7
1042.7
1042.7
1042.7
1042.7
1042.7
1042.7
1042.7
1042.7
1042.7
1042.7
1042.7
1042.7
1042.7
1042.7
1042.7
1042.7
1042.7
1042.7
1042.7
1042.7
1042.7
1042.7
1042.7
1042.7
1042.7
1042.7
1042.7
1042.7
1042.7
1042.7
1042.7
1042.7
1042.7
1042.7
1042.7
1042.7
1042.7
1042.7
1042.7
1042.7
1042.7
1042.7
1042.7
1042.7
1042.7
1042.7
1042.7
1042.7
1042.7
1042.7
1042.7
1042.7
1042.7
1042.7
1042.7
1042.7
1042.7
1042.7
1042.7
1042.7
1042.7
1042.7
1042.7
1042.7
1042.7
1042.7
1042.7
1042.7
1042.7
1042.7
1042.7
1042.7
1042.7
1042.7
1042.7
1042.7
1042.7
1042.7
1042.7
1042.7
1042.7
1042.7
1042.7
1042.7
1042.7
1042.7
1042.7
1042.7
1042.7
1042.7
1042.7
1042.7
1042.7
1042.7
1042.7
1042.7
1042.7
1042.7
1042.7
1042.7
1042.7
1042.7
1042.7
1042.7
1042.7
1042.7
1042.7
1042.7
1042.7
1042.7
1042.7
1034.2
1034.2
1034.2
1034.2
1034.2
1034.2
1034.2
1034.2
1034.2
1034.2
1034.2
1034.2
1034.2
1034.2
1034.2
1034.2
1034.2
1034.2
1034.2
1034.2
1034.2
1034.2
1034.2
1034.2
1034.2
1034.2
1034.2
1034.2
1034.2
1034.2
1034.2
1034.2
1034.2
1034.2
1034.2
1034.2
1034.2
1034.2
1034.2
1034.2
1034.2
1034.2
1034.2
1034.2
1034.2
1034.2
1034.2
1034.2
1034.2
1034.2
1034.2
1034.2
1034.2
1034.2
1034.2
1034.2
1034.2
1034.2
1034.2
1034.2
1034.2
1034.2
1034.2
1034.2
1034.2
1034.2
1034.2
1034.2
1034.2
1034.2
1034.2
1034.2
1034.2
1034.2
1034.2
1034.2
1034.2
1034.2
1034.2
1034.2
1034.2
1034.2
1034.2
1034.2
1034.2
1034.2
1034.2
1034.2
1034.2
1034.2
1034.2
1034.2
1034.2
1034.2
1034.2
1034.2
1034.2
1034.2
1034.2
1034.2
1034.2
1034.2
1034.2
1034.2
1034.2
1034.2
1034.2
1034.2
1034.2
1034.2
1034.2
1034.2
1034.2
1034.2
1034.2
1034.2
1034.2
1034.2
1034.2
1034.2
1034.2
1034.2
1034.2
1034.2
1034.2
1034.2
1034.2
1034.2
1034.2
1034.2
1034.2
1034.2
1034.2
1034.2
1034.2
1034.2
1034.2
1034.2
1034.2
1034.2
1034.2
1034.2
1034.2
1034.2
1034.2
1034.2
1034.2
1034.2
1034.2
1034.2
1034.2
1034.2
1034.2
1034.2
1034.2
1034.2
1034.2
1034.2
1034.2
1034.2
1034.2
1034.2
1034.2
1034.2
1034.2
1034.2
1034.2
1034.2
1034.2
1034.2
1030.5
1030.5
1030.5
1030.5
1030.5
1030.5
1030.5
1030.5
1030.5
1030.5
1030.5
1030.5
1030.5
1030.5
1030.5
1030.5
1030.5
1030.5
1030.5
1030.5
1030.5
1030.5
1030.5
1030.5
1030.5
1030.5
1030.5
1030.5
1030.5
1030.5
1030.5
1030.5
1030.5
1030.5
1030.5
1030.5
1030.5
1030.5
1030.5
1030.5
1030.5
1030.5
1030.5
1030.5
1030.5
1030.5
1030.5
1030.5
1030.5
1030.5
1030.5
1030.5
1030.5
1030.5
1030.5
1030.5
1030.5
1030.5
1030.5
1030.5
1030.5
1030.5
1030.5
1030.5
1030.5
1030.5
1015.5
1015.5
1015.5
1015.5
1015.5
1015.5
1015.5
1015.5
1015.5
1015.5
1015.5
1015.5
1015.5
1015.5
1015.5
1015.5
1015.5
1015.5
1015.5
1015.5
1015.5
1015.5
1015.5
1015.5
1015.5
1015.5
1015.5
1015.5
1015.5
1015.5
1015.5
1015.5
1015.5
1015.5
1015.5
1015.5
1015.5
1015.5
1015.5
1015.5
1015.5
1015.5
1015.5
1015.5
1015.5
1015.5
1015.5
1015.5
1015.5
1015.5
1015.5
1015.5
1015.5
1015.5
1015.5
1015.5
1015.5
1015.5
1015.5
1015.5
1015.5
1015.5
1015.5
1015.5
1015.5
1015.5
1015.5
1015.5
1015.5
1015.5
1015.5
1015.5
1015.5
1015.5
1015.5
1015.5
1015.5
1015.5
1015.5
1015.5
1015.5
1015.5
1015.5
1015.5
1015.5
1015.5
1015.5
1015.5
1015.5
1015.5
1015.5
1015.5
1015.5
1015.5
1015.5
1015.5
1015.5
1015.5
1015.5
1015.5
1015.5
1015.5
1015.5
1015.5
1015.5
1015.5
1015.5
1015.5
1015.5
1015.5
1015.5
1015.5
1015.5
1015.5
1015.5
1015.5
1015.5
1015.5
1015.5
1015.5
1015.5
1015.5
1015.5
1015.5
1015.5
1015.5
1015.5
1015.5
1015.5
1015.5
1015.5
1015.5
1015.5
1015.5
1015.5
1015.5
1015.5
1015.5
1015.5
1015.5
1015.5
1015.5
1015.5
1015.5
1015.5
1015.5
1015.5
1015.5
1015.5
1015.5
1015.5
1015.5
1015.5
1015.5
1015.5
1015.5
1015.5
1015.5
1015.5
1015.5
1015.5
1015.5
1015.5
1015.5
1015.5
1015.5
1015.5
1015.5
1015.5
1015.5
1015.5
1015.5
1015.5
1015.5
1015.5
1015.5
1015.5
1015.5
1015.5
1015.5
1015.5
1015.5
1015.5
1015.5
1015.5
1015.5
1015.5
1015.5
1015.5
1015.5
1015.5
1015.5
1015.5
1015.5
1015.5
1015.5
1015.5
1015.5
1015.5
1015.5
1015.5
1015.5
1015.5
1015.5
1015.5
1015.5
1015.5
1015.5
1015.5
1015.5
1015.5
1015.5
1015.5
1015.5
1015.5
1015.5
1015.5
1015.5
1015.5
1015.5
1015.5
1015.5
1015.5
1015.5
1015.5
1015.5
1015.5
1015.5
1015.5
1015.5
1015.5
1015.5
1015.5
1015.5
1015.5
1015.5
1015.5
1015.5
1015.5
1015.5
1015.5
1015.5
1015.5
1015.5
1015.5
1015.5
1015.5
1015.5
1015.5
1015.5
1015.5
1015.5
1015.5
1015.5
1015.5
1015.5
1015.5
1015.5
1015.5
1015.5
1015.5
1015.5
1015.5
1015.5
1015.5
1015.5
1015.5
1015.5
1015.5
1015.5
1015.5
1015.5
1015.5
1015.5
1015.5
1015.5
1015.5
1015.5
1015.5
1015.5
1015.5
1015.5
1015.5
1015.5
1015.5
1015.5
1015.5
1015.5
1015.5
1015.5
1015.5
1015.5
1015.5
1015.5
1015.5
1015.5
1015.5
1015.5
1015.5
1015.5
1015.5
1015.5
1015.5
1015.5
1015.5
1015.5
1015.5
1015.5
1015.5
1015.5
1015.5
1015.5
1015.5
1015.5
1015.5
1015.5
1015.5
1015.5
1015.5
1015.5
1015.5
1015.5
1015.5
1015.5
1015.5
1015.5
1015.5
1015.5
1015.5
1015.5
1015.5
1015.5
1015.5
1015.5
1015.5
1015.5
1015.5
1015.5
968.9
968.9
968.9
968.9
968.9
968.9
968.9
968.9
968.9
968.9
968.9
968.9
968.9
968.9
968.9
968.9
968.9
968.9
968.9
968.9
968.9
968.9
968.9
968.9
968.9
968.9
968.9
968.9
968.9
968.9
968.9
968.9
968.9
968.9
968.9
968.9
968.9
968.9
968.9
968.9
968.9
968.9
968.9
968.9
968.9
968.9
968.9
968.9
968.9
968.9
968.9
968.9
968.9
968.9
968.9
968.9
968.9
968.9
968.9
968.9
968.9
968.9
968.9
968.9
968.9
968.9
968.9
968.9
968.9
968.9
968.9
968.9
968.9
968.9
968.9
968.9
968.9
968.9
968.9
968.9
968.9
968.9
968.9
968.9
968.9
968.9
968.9
968.9
968.9
968.9
968.9
968.9
968.9
968.9
968.9
968.9
968.9
968.9
968.9
968.9
968.9
968.9
968.9
968.9
968.9
968.9
968.9
968.9
968.9
968.9
968.9
968.9
968.9
968.9
968.9
968.9
968.9
968.9
968.9
968.9
968.9
968.9
968.9
968.9
968.9
968.9
968.9
968.9
968.9
968.9
968.9
968.9
968.9
968.9
968.9
968.9
968.9
968.9
968.9
968.9
968.9
968.9
968.9
968.9
968.9
968.9
968.9
968.9
968.9
968.9
968.9
968.9
968.9
968.9
968.9
968.9
968.9
968.9
968.9
968.9
968.9
968.9
968.9
968.9
968.9
968.9
968.9
968.9
968.9
968.9
968.9
968.9
968.9
968.9
968.9
968.9
968.9
968.9
968.9
968.9
968.9
968.9
968.9
968.9
968.9
968.9
968.9
968.9
968.9
968.9
968.9
968.9
968.9
968.9
968.9
968.9
968.9
968.9
968.9
968.9
968.9
968.9
968.9
968.9
968.9
968.9
968.9
968.9
968.9
968.9
968.9
968.9
968.9
968.9
968.9
968.9
968.9
968.9
968.9
968.9
968.9
968.9
968.9
968.9
968.9
968.9
968.9
968.9
968.9
968.9
968.9
968.9
968.9
968.9
968.9
968.9
968.9
968.9
968.9
968.9
968.9
968.9
968.9
968.9
968.9
968.9
968.9
968.9
968.9
968.9
968.9
968.9
968.9
968.9
968.9
968.9
968.9
968.9
968.9
968.9
968.9
968.9
968.9
968.9
968.9
968.9
968.9
968.9
968.9
968.9
968.9
968.9
968.9
968.9
968.9
968.9
968.9
968.9
968.9
968.9
968.9
968.9
968.9
968.9
968.9
968.9
968.9
968.9
968.9
968.9
963.6
963.6
963.6
963.6
963.0
963.0
963.0
963.0
963.0
963.0
963.0
963.0
963.0
963.0
963.0
963.0
963.0
963.0
963.0
963.0
963.0
963.0
963.0
952.3
952.3
952.3
952.3
952.3
952.3
952.3
952.3
952.3
952.3
952.3
952.3
952.3
952.3
952.3
952.3
952.3
952.3
952.3
952.3
952.3
952.3
952.3
952.3
952.3
952.3
952.3
952.3
952.3
952.3
952.3
952.3
952.3
952.3
952.3
952.3
952.3
952.3
952.3
952.3
952.3
952.3
952.3
952.3
952.3
952.3
952.3
952.3
952.3
952.3
952.3
952.3
952.3
952.3
952.3
952.3
952.3
952.3
952.3
952.3
952.3
952.3
952.3
952.3
952.3
952.3
952.3
952.3
952.3
952.3
952.3
952.3
952.3
952.3
952.3
952.3
952.3
952.3
952.3
952.3
952.3
952.3
952.3
952.1
952.1
952.1
952.1
952.1
952.1
952.1
952.1
952.1
952.1
952.1
952.1
952.1
952.1
952.1
952.1
952.1
952.1
952.1
952.1
952.1
952.1
952.1
952.1
952.1
952.1
952.1
952.1
952.1
952.1
952.1
952.1
952.1
952.1
952.1
952.1
952.1
952.1
952.1
952.1
952.1
952.1
952.1
952.1
952.1
952.1
952.1
952.1
952.1
952.1
952.1
952.1
952.1
952.1
952.1
952.1
952.1
952.1
952.1
952.1
952.1
952.1
952.1
952.1
952.1
952.1
952.1
952.1
952.1
952.1
952.1
952.1
952.1
952.1
952.1
952.1
952.1
952.1
952.1
952.1
952.1
952.1
952.1
952.1
952.1
952.1
952.1
952.1
952.1
952.1
952.1
952.1
952.1
952.1
952.1
952.1
952.1
952.1
952.1
952.1
952.1
952.1
952.1
952.1
952.1
952.1
952.1
952.1
952.1
952.1
952.1
952.1
952.1
952.1
952.1
952.1
952.1
952.1
952.1
952.1
952.1
952.1
952.1
952.1
952.1
952.1
952.1
952.1
952.1
952.1
952.1
952.1
952.1
952.1
952.1
952.1
952.1
952.1
952.1
952.1
952.1
952.1
952.1
952.1
952.1
952.1
952.1
952.1
952.1
952.1
952.1
952.1
952.1
952.1
952.1
952.1
952.1
952.1
952.1
952.1
952.1
952.1
952.1
952.1
952.1
952.1
952.1
952.1
952.1
952.1
952.1
952.1
952.1
952.1
952.1
952.1
952.1
952.1
952.1
952.1
952.1
952.1
952.1
952.1
952.1
952.1
952.1
952.1
952.1
952.1
952.1
952.1
952.1
952.1
952.1
952.1
952.1
952.1
952.1
952.1
952.1
952.1
952.1
952.1
952.1
952.1
952.1
952.1
952.1
952.1
952.1
952.1
952.1
952.1
952.1
952.1
952.1
952.1
952.1
952.1
952.1
952.1
952.1
952.1
952.1
952.1
952.1
952.1
952.1
952.1
952.1
952.1
952.1
952.1
952.1
952.1
952.1
952.1
952.1
952.1
952.1
952.1
952.1
952.1
952.1
952.1
952.1
952.1
952.1
952.1
952.1
952.1
952.1
952.1
952.1
952.1
952.1
952.1
952.1
952.1
952.1
952.1
952.1
952.1
952.1
952.1
952.1
952.1
952.1
952.1
952.1
952.1
952.1
952.1
952.1
952.1
952.1
952.1
952.1
952.1
952.1
952.1
952.1
952.1
952.1
952.1
952.1
952.1
952.1
952.1
952.1
952.1
952.1
952.1
952.1
952.1
952.1
952.1
952.1
952.1
952.1
952.1
952.1
952.1
952.1
952.1
952.1
952.1
952.1
952.1
950.3
950.3
950.3
950.3
950.3
950.3
950.3
950.3
950.3
950.3
950.3
950.3
950.3
950.3
950.3
950.3
950.3
950.3
950.3
950.3
950.3
950.3
950.3
950.3
950.3
950.3
950.3
950.3
950.3
950.3
950.3
950.3
950.3
950.3
950.3
950.3
950.3
950.3
950.3
950.3
950.3
950.3
950.3
950.3
950.3
950.3
950.3
950.3
950.3
950.3
950.3
950.3
950.3
950.3
950.3
950.3
950.3
950.3
950.3
950.3
950.3
950.3
950.3
950.3
950.3
950.3
950.3
950.3
950.3
950.3
950.3
950.3
950.3
950.3
950.3
950.3
950.3
950.3
950.3
950.3
950.3
950.3
950.3
950.3
950.3
950.3
950.3
950.3
950.3
950.3
950.3
950.3
950.3
950.3
950.3
950.3
950.3
950.3
950.3
950.3
950.3
950.3
950.3
950.3
950.3
950.3
950.3
950.3
950.3
950.3
950.3
950.3
950.3
950.3
950.3
950.3
950.3
950.3
950.3
950.3
950.3
950.3
950.3
950.3
950.3
950.3
950.3
950.3
950.3
950.3
950.3
950.3
950.3
950.3
950.3
950.3
950.3
950.3
950.3
950.3
950.3
950.3
950.3
950.3
950.3
950.3
950.3
950.3
950.3
950.3
950.3
950.3
950.3
950.3
950.3
950.3
950.3
950.3
950.3
950.3
950.3
950.3
950.3
950.3
950.3
950.3
950.3
950.3
950.3
950.3
950.3
950.3
950.3
950.3
950.3
950.3
950.3
950.3
950.3
950.3
950.3
950.3
950.3
950.3
950.3
950.3
950.3
950.3
950.3
950.3
950.3
950.3
950.3
950.3
950.3
950.3
950.3
950.3
950.3
950.3
950.3
950.3
950.3
950.3
950.3
950.3
950.3
950.3
950.3
950.3
950.3
950.3
950.3
950.3
950.3
950.3
950.3
950.3
950.3
950.3
950.3
950.3
950.3
950.3
950.3
950.3
950.3
950.3
950.3
950.3
950.3
950.3
950.3
950.3
950.3
950.3
950.3
950.3
950.3
950.3
950.3
950.3
950.3
950.3
950.3
950.3
950.3
950.3
950.3
950.3
950.3
950.3
950.3
950.3
950.3
950.3
950.3
950.3
950.3
950.3
950.3
950.3
950.3
950.3
950.3
950.3
950.3
950.3
950.3
950.3
950.3
950.3
950.3
950.3
950.3
950.3
950.3
950.3
950.3
950.3
950.3
950.3
950.3
950.3
950.3
950.3
950.3
950.3
950.3
950.3
950.3
950.3
950.3
950.3
950.3
950.3
950.3
950.3
950.3
950.3
950.3
947.7
947.7
947.7
947.7
947.7
947.7
947.7
947.7
947.7
947.7
947.7
947.7
947.7
947.7
947.7
947.7
947.7
947.7
947.7
947.7
947.7
947.7
947.7
947.7
947.7
947.7
947.7
947.7
947.7
947.7
947.7
947.7
947.7
947.7
947.7
947.7
947.7
947.7
947.7
947.7
947.7
947.7
947.7
947.7
947.7
947.7
947.7
947.7
947.7
947.7
947.7
947.7
947.7
947.7
947.7
947.7
947.7
947.7
947.7
947.7
947.7
947.7
947.7
947.7
947.7
947.7
947.7
947.7
947.7
947.7
947.7
947.7
947.7
947.7
947.7
947.7
947.7
947.7
947.7
947.7
947.7
947.7
947.7
947.7
947.7
947.7
947.7
947.7
947.7
947.7
947.7
947.7
947.7
947.7
947.7
947.7
947.7
947.7
947.7
947.7
947.7
947.7
947.7
947.7
947.7
947.7
947.7
947.7
947.7
947.7
947.7
947.7
947.7
947.7
947.7
947.7
947.7
947.7
947.7
947.7
947.7
947.7
947.7
947.7
947.7
947.7
947.7
947.7
947.7
947.7
947.7
947.7
947.7
947.7
947.7
947.7
947.7
947.7
947.7
947.7
947.7
947.7
947.7
947.7
947.7
947.7
947.7
947.7
947.7
947.7
947.7
947.7
947.7
947.7
947.7
947.7
947.7
947.7
947.7
947.7
947.7
947.7
947.7
947.7
947.7
947.7
947.7
947.7
947.7
947.7
947.7
947.7
947.7
947.7
947.7
947.7
947.7
947.7
947.7
947.7
947.7
947.7
947.7
947.7
947.7
947.7
947.7
947.7
947.7
947.7
947.7
947.7
947.7
947.7
947.7
947.7
947.7
947.7
947.7
947.7
947.7
947.7
947.7
947.7
947.7
947.7
947.7
947.7
947.7
947.7
947.7
947.7
947.7
947.7
947.7
947.7
947.7
947.7
947.7
947.7
947.7
947.7
947.7
947.7
947.7
947.7
947.7
947.7
947.7
947.7
947.7
947.7
947.7
947.7
947.7
947.7
947.7
947.7
947.7
947.7
947.7
947.7
947.7
947.7
947.7
947.7
947.7
947.7
947.7
947.7
947.7
947.7
947.7
947.7
947.7
947.7
947.7
947.7
947.7
947.7
947.7
947.7
947.7
947.7
947.7
947.7
947.7
947.7
947.7
947.7
947.7
947.7
947.7
947.7
947.7
947.7
947.7
947.7
947.7
947.7
947.7
947.7
947.7
947.7
947.7
947.7
947.7
947.7
947.7
947.7
947.7
947.7
947.7
947.7
947.7
947.7
947.7
947.7
947.7
947.7
947.7
947.7
947.7
947.7
947.7
947.7
947.7
947.7
947.7
947.7
947.7
947.7
947.7
947.7
947.7
947.7
947.7
947.7
947.7
947.7
947.7
947.7
947.7
947.7
947.7
947.7
947.7
947.7
947.7
947.7
947.7
947.7
947.7
947.7
947.7
947.7
947.7
947.7
947.7
947.7
947.7
947.7
947.7
947.7
947.7
947.7
947.7
947.7
947.7
947.7
947.7
947.7
947.7
947.7
947.7
947.7
947.7
947.7
947.7
947.7
947.7
947.7
947.7
947.7
947.7
947.7
947.7
947.7
947.7
947.7
947.7
947.7
947.7
947.7
947.7
947.7
947.7
947.7
947.7
947.7
947.7
947.7
947.7
947.7
947.7
947.7
947.7
947.7
947.7
947.7
947.7
947.7
947.7
947.7
947.7
947.7
947.7
947.7
947.7
947.7
947.7
947.7
947.7
947.7
947.7
947.7
947.7
947.7
947.7
947.7
947.7
947.7
947.7
947.7
947.7
947.7
947.7
947.7
947.7
947.7
947.7
947.7
947.7
947.7
947.7
947.7
947.7
947.7
947.7
947.7
947.7
947.7
947.7
947.7
947.7
947.7
947.7
947.7
947.7
947.7
947.7
947.7
947.7
947.7
947.7
947.7
947.7
947.7
947.7
947.7
947.7
947.7
947.7
947.7
947.7
947.7
947.7
947.7
947.7
947.7
947.7
947.7
947.7
947.7
947.7
947.7
946.1
946.1
946.1
946.1
946.1
946.1
946.1
946.1
946.1
946.1
946.1
946.1
946.1
946.1
946.1
946.1
937.2
937.2
937.2
937.2
937.2
937.2
937.2
937.2
937.2
937.2
937.2
937.2
937.2
937.2
937.2
937.2
937.2
937.2
937.2
937.2
937.2
937.2
937.2
937.2
937.2
937.2
937.2
937.2
937.2
937.2
937.2
937.2
937.2
937.2
937.2
937.2
937.2
937.2
937.2
937.2
937.2
937.2
937.2
937.2
937.2
937.2
937.2
937.2
937.2
937.2
937.2
937.2
937.2
937.2
937.2
937.2
937.2
937.2
937.2
937.2
937.2
937.2
937.2
937.2
937.2
937.2
937.2
937.2
937.2
937.2
937.2
937.2
937.2
937.2
937.2
937.2
937.2
937.2
937.2
937.2
937.2
937.2
937.2
937.2
937.2
937.2
937.2
937.2
937.2
937.2
937.2
937.2
937.2
937.2
937.2
937.2
937.2
937.2
937.2
937.2
937.2
937.2
937.2
937.2
937.2
937.2
937.2
937.2
937.2
937.2
937.2
937.2
937.2
937.2
937.2
937.2
937.2
937.2
937.2
937.2
937.2
937.2
937.2
937.2
937.2
937.2
937.2
937.2
937.2
937.2
937.2
937.2
937.2
937.2
937.2
937.2
937.2
937.2
937.2
937.2
937.2
937.2
937.2
937.2
937.2
937.2
937.2
937.2
937.2
937.2
937.2
937.2
937.2
937.2
937.2
937.2
937.2
937.2
937.2
937.2
937.2
937.2
937.2
937.2
937.2
937.2
937.2
937.2
937.2
937.2
937.2
937.2
937.2
937.2
937.2
937.2
937.2
937.2
937.2
937.2
937.2
937.2
937.2
937.2
937.2
937.2
937.2
937.2
937.2
937.2
937.2
937.2
937.2
937.2
937.2
937.2
937.2
937.2
937.2
937.2
937.2
937.2
937.2
937.2
937.2
937.2
937.2
937.2
937.2
937.2
937.2
937.2
937.2
937.2
937.2
937.2
937.2
937.2
937.2
937.2
937.2
937.2
937.2
937.2
937.2
937.2
937.2
937.2
937.2
937.2
937.2
937.2
937.2
937.2
937.2
937.2
937.2
937.2
937.2
937.2
937.2
937.2
937.2
937.2
937.2
937.2
937.2
937.2
937.2
937.2
937.2
937.2
937.2
937.2
937.2
937.2
937.2
937.2
937.2
937.2
937.2
937.2
937.2
937.2
937.2
937.2
937.2
937.2
937.2
937.2
937.2
937.2
937.2
937.2
937.2
937.2
937.2
937.2
937.2
937.2
937.2
937.2
937.2
937.2
937.2
937.2
937.2
937.2
937.2
937.2
937.2
937.2
937.2
937.2
937.2
937.2
937.2
937.2
937.2
937.2
937.2
937.2
937.2
937.2
937.2
937.2
937.2
937.2
937.2
937.2
937.2
937.2
937.2
937.2
937.2
937.2
937.2
937.2
937.2
937.2
937.2
937.2
937.2
937.2
937.2
937.2
937.2
937.2
937.2
937.2
937.2
937.2
937.2
937.2
937.2
937.2
937.2
937.2
937.2
937.2
937.2
937.2
937.2
937.2
937.2
937.2
937.2
937.2
937.2
937.2
937.2
937.2
937.2
937.2
937.2
937.2
937.2
937.2
937.2
937.2
937.2
937.2
937.2
937.2
937.2
937.2
937.2
937.2
937.2
937.2
937.2
937.2
937.2
937.2
937.2
937.2
937.2
937.2
937.2
937.2
937.2
937.2
937.2
937.2
937.2
937.2
937.2
937.2
937.2
937.2
937.2
937.2
937.2
937.2
937.2
937.2
937.2
937.2
937.2
937.2
937.2
937.2
937.2
937.2
937.2
937.2
937.2
937.2
937.2
937.2
937.2
937.2
937.2
936.7
936.7
936.7
936.7
936.7
936.7
936.7
936.7
936.7
936.7
936.7
936.7
936.7
936.7
936.7
936.7
936.7
936.7
936.7
936.7
936.7
936.7
936.7
936.7
936.7
936.7
936.7
936.7
936.7
936.7
936.7
936.7
936.7
936.7
936.7
936.7
936.7
936.7
936.7
936.7
934.5
934.5
934.5
934.5
934.5
934.5
934.5
934.5
934.5
934.5
934.5
934.5
934.5
934.5
934.5
934.5
934.5
934.5
934.5
934.5
934.5
934.5
934.5
934.5
934.5
934.5
934.5
934.5
934.5
934.5
934.5
934.5
934.5
934.5
934.5
934.5
934.5
934.5
934.5
934.5
934.5
934.5
934.5
934.5
934.5
934.5
934.5
934.5
934.5
934.5
934.5
934.5
934.5
934.5
934.5
934.5
934.5
934.5
934.5
934.5
934.5
934.5
934.5
934.5
934.5
934.5
934.5
934.5
934.5
934.5
934.5
934.5
934.5
934.5
934.5
934.5
934.5
934.5
934.5
934.5
934.5
934.5
934.5
934.5
934.5
934.5
934.5
934.5
934.5
934.5
934.5
934.5
934.5
934.5
934.5
934.5
934.5
934.5
934.5
934.5
934.5
934.5
934.5
934.5
934.5
934.5
934.5
934.5
934.5
934.5
934.5
934.5
934.5
934.5
934.5
934.5
934.5
934.5
934.5
934.5
934.5
934.5
934.5
934.5
934.5
934.5
934.5
934.5
929.6
929.6
929.6
929.6
929.6
929.6
929.6
929.6
929.6
929.6
929.6
929.6
929.6
929.6
929.6
929.6
929.6
929.6
929.6
929.6
929.6
929.6
929.6
929.6
929.6
929.6
929.6
929.6
929.6
929.6
929.6
929.6
929.6
929.6
929.6
929.6
929.6
929.6
929.6
929.6
929.6
929.6
929.6
929.6
929.6
929.6
929.6
929.6
929.6
929.6
929.6
929.6
929.6
929.6
929.6
929.6
929.6
929.6
929.6
929.6
929.6
929.6
929.6
929.6
929.6
929.6
929.6
929.6
929.6
929.6
929.6
929.6
929.6
929.6
929.6
929.6
929.6
929.6
929.6
929.6
929.6
929.6
929.6
929.6
929.6
929.6
929.6
929.6
929.6
929.6
929.6
929.6
929.6
929.6
929.6
929.6
929.6
929.6
929.6
929.6
929.6
929.6
929.6
929.6
929.6
929.6
929.6
929.6
929.6
929.6
929.6
929.6
929.6
928.3
928.3
928.3
928.3
928.3
928.3
928.3
928.3
928.3
928.3
928.3
928.3
928.3
928.3
928.3
928.3
928.3
928.3
928.3
928.3
928.3
928.3
928.3
928.3
928.3
928.3
928.3
928.3
928.3
928.3
928.3
928.3
928.3
928.3
928.3
928.3
928.3
928.3
928.3
928.3
928.3
928.3
928.3
928.3
928.3
928.3
928.3
928.3
928.3
928.3
928.3
928.3
928.3
928.3
928.3
928.3
928.3
928.3
928.3
928.3
928.3
928.3
928.3
928.3
928.3
928.3
928.3
928.3
928.3
928.3
928.3
928.3
928.3
928.3
928.3
928.3
928.3
928.3
928.3
928.3
928.3
928.3
928.3
928.3
928.3
928.3
928.3
928.3
928.3
928.3
928.3
928.3
928.3
928.3
928.3
928.3
928.3
928.3
928.3
928.3
928.3
928.3
928.3
928.3
928.3
928.3
928.3
928.3
928.3
928.3
928.3
928.3
928.3
928.3
928.3
928.3
928.3
928.3
928.3
928.3
928.3
928.3
928.3
928.3
928.3
928.3
928.3
928.3
928.3
928.3
928.3
928.3
928.3
928.3
928.3
928.3
928.3
928.3
928.3
928.3
928.3
928.3
928.3
928.3
928.3
928.3
928.3
928.3
928.3
928.3
928.3
928.3
928.3
928.3
928.3
928.3
928.3
928.3
928.3
928.3
928.3
928.3
928.3
928.3
928.3
928.3
928.3
928.3
928.3
928.3
928.3
928.3
928.3
928.3
928.3
928.3
928.3
928.3
928.3
928.3
928.3
928.3
928.3
928.3
928.3
928.3
928.3
928.3
928.3
928.3
928.3
928.3
928.3
928.3
928.3
928.3
928.3
928.3
928.3
928.3
928.3
928.3
928.3
928.3
928.3
928.3
928.3
928.3
928.3
928.3
928.3
928.3
928.3
928.3
928.3
928.3
928.3
928.3
928.3
928.3
928.3
928.3
928.3
928.3
928.3
928.3
928.3
928.3
928.3
928.3
928.3
928.3
928.3
928.3
928.3
928.3
928.3
928.3
928.3
928.3
928.3
928.3
928.3
928.3
928.3
928.3
928.3
928.3
928.3
928.3
928.3
928.3
928.3
928.3
928.3
928.3
928.3
928.3
928.3
928.3
928.3
928.3
928.3
928.3
928.3
928.3
928.3
928.3
928.3
928.3
928.3
928.3
928.3
928.3
928.3
928.3
928.3
928.3
928.3
928.3
928.3
928.3
928.3
928.3
928.3
928.3
928.3
928.3
928.3
928.3
928.3
928.3
928.3
928.3
928.3
928.3
928.3
928.3
928.3
928.3
928.3
928.3
928.3
928.3
928.3
928.3
928.3
928.3
928.3
928.3
928.3
928.3
928.3
928.3
928.3
928.3
928.3
928.3
928.3
928.3
928.3
928.3
928.3
928.3
928.3
928.3
928.3
928.3
928.3
928.3
928.3
928.3
928.3
928.3
928.3
928.3
928.3
928.3
928.3
928.3
928.3
928.3
928.3
928.3
928.3
928.3
928.3
928.3
928.3
928.3
928.3
928.3
928.3
928.3
928.3
928.3
928.3
928.3
928.3
928.3
928.3
928.3
928.3
928.3
928.3
928.3
928.3
928.3
928.3
928.3
928.3
928.3
928.3
928.3
928.3
928.3
928.3
928.3
928.3
928.3
928.3
928.3
928.3
928.3
928.3
928.3
928.3
928.3
928.3
928.3
928.3
928.3
928.3
928.3
928.3
928.3
928.3
928.3
928.3
928.3
928.3
928.3
928.3
928.3
928.3
928.3
928.3
928.3
928.3
928.3
928.3
928.3
928.3
928.3
928.3
928.3
928.3
928.3
928.3
928.3
928.3
928.3
928.3
928.3
928.3
928.3
928.3
928.3
928.3
928.3
928.3
928.3
928.3
928.3
928.3
928.3
928.3
928.3
928.3
928.3
928.3
928.3
928.3
928.3
928.3
928.3
928.3
928.3
928.3
928.3
928.3
928.3
928.3
928.3
928.3
928.3
928.3
928.3
928.3
928.3
928.3
928.3
928.3
928.3
928.3
928.3
928.3
928.3
928.3
928.3
928.3
928.3
928.3
928.3
928.3
928.3
928.3
928.3
928.3
928.3
928.3
928.3
928.3
928.3
928.3
928.3
928.3
928.3
928.3
928.3
928.3
928.3
928.3
928.3
928.3
928.3
928.3
928.3
928.3
928.3
928.3
928.3
928.3
928.3
928.3
928.3
928.3
928.3
928.3
928.3
928.3
928.3
928.3
928.3
928.3
928.3
928.3
928.3
928.3
928.3
928.3
928.3
928.3
928.3
928.3
928.3
928.3
924.0
924.0
924.0
924.0
924.0
924.0
924.0
924.0
924.0
924.0
924.0
924.0
924.0
924.0
924.0
924.0
924.0
924.0
924.0
924.0
924.0
924.0
924.0
924.0
924.0
924.0
924.0
924.0
924.0
924.0
924.0
924.0
924.0
924.0
924.0
924.0
924.0
924.0
924.0
924.0
924.0
924.0
924.0
924.0
924.0
924.0
924.0
924.0
924.0
924.0
924.0
924.0
924.0
924.0
924.0
924.0
924.0
924.0
924.0
924.0
924.0
924.0
924.0
924.0
924.0
924.0
924.0
924.0
924.0
924.0
924.0
924.0
924.0
924.0
924.0
924.0
924.0
924.0
924.0
924.0
924.0
924.0
924.0
924.0
924.0
924.0
924.0
924.0
924.0
924.0
924.0
924.0
924.0
924.0
924.0
924.0
924.0
924.0
924.0
924.0
924.0
924.0
924.0
924.0
924.0
924.0
924.0
924.0
924.0
924.0
924.0
924.0
924.0
924.0
924.0
924.0
924.0
924.0
924.0
924.0
924.0
924.0
924.0
924.0
924.0
924.0
924.0
924.0
924.0
924.0
924.0
924.0
924.0
911.1
911.1
911.1
911.1
911.1
911.1
911.1
911.1
911.1
911.1
911.1
911.1
911.1
911.1
911.1
911.1
911.1
911.1
911.1
911.1
911.1
911.1
911.1
911.1
911.1
911.1
911.1
911.1
911.1
911.1
911.1
911.1
911.1
911.1
911.1
911.1
911.1
911.1
911.1
911.1
911.1
911.1
911.1
911.1
911.1
911.1
911.1
911.1
911.1
911.1
911.1
911.1
911.1
911.1
911.1
911.1
911.1
911.1
911.1
911.1
911.1
911.1
911.1
911.1
911.1
911.1
911.1
911.1
911.1
911.1
911.1
911.1
911.1
911.1
911.1
911.1
911.1
911.1
911.1
911.1
911.1
911.1
911.1
911.1
911.1
911.1
911.1
911.1
911.1
911.1
911.1
911.1
911.1
911.1
911.1
911.1
911.1
911.1
911.1
911.1
911.1
911.1
911.1
911.1
911.1
911.1
911.1
911.1
911.1
911.1
911.1
911.1
911.1
911.1
911.1
911.1
911.1
911.1
911.1
911.1
911.1
911.1
911.1
911.1
911.1
911.1
911.1
911.1
911.1
911.1
911.1
911.1
911.1
911.1
911.1
911.1
911.1
911.1
911.1
911.1
911.1
911.1
911.1
911.1
911.1
911.1
911.1
911.1
911.1
911.1
909.4
909.4
909.4
909.4
909.4
909.4
909.4
909.4
909.4
909.4
909.4
909.4
909.4
909.4
909.4
909.4
909.4
909.4
909.4
909.4
909.4
909.4
909.4
909.4
909.4
909.4
909.4
909.4
909.4
909.4
909.4
909.4
909.4
909.4
909.4
909.4
909.4
909.4
909.4
909.4
909.4
909.4
909.4
909.4
909.4
909.4
909.4
909.4
909.4
909.4
909.4
909.4
909.4
909.4
909.4
909.4
909.4
909.4
909.4
909.4
909.4
909.4
909.4
909.4
909.4
909.4
909.4
909.4
909.4
909.4
909.4
909.4
909.4
909.4
909.4
909.4
909.4
909.4
909.4
909.4
909.4
909.4
909.4
909.4
909.4
909.4
909.4
909.4
909.4
909.4
909.4
909.4
909.4
909.4
909.4
909.4
909.4
909.4
909.4
909.4
909.4
909.4
909.4
909.4
909.4
909.4
909.4
909.4
909.4
909.4
909.4
909.4
909.4
909.4
909.4
909.4
909.4
909.4
909.4
909.4
906.8
906.8
906.8
906.8
906.8
906.8
906.8
906.8
906.8
906.8
906.8
906.8
906.8
906.8
906.8
906.8
906.8
906.8
906.8
906.8
906.8
906.8
906.8
906.8
906.8
906.8
906.8
906.8
906.8
906.8
906.8
906.8
906.8
906.8
906.8
906.8
906.8
906.8
906.8
906.8
906.8
906.8
906.8
906.8
906.8
906.8
906.8
906.8
906.8
906.8
906.8
906.8
906.8
906.8
906.8
906.8
906.8
906.8
906.8
906.8
906.8
906.8
906.8
906.8
906.8
906.8
906.8
906.8
906.8
906.8
906.8
906.8
906.8
906.8
906.8
906.8
906.8
906.8
906.8
906.8
906.8
906.8
906.8
906.8
906.8
906.8
906.8
906.8
906.8
906.8
906.8
906.8
906.8
906.8
906.8
906.8
906.8
906.8
906.8
906.8
906.8
906.8
906.8
906.8
906.8
906.8
906.8
906.8
906.8
906.8
906.8
906.8
906.8
906.8
906.8
906.8
906.8
906.8
906.8
906.8
906.8
906.8
906.8
906.8
906.8
906.8
906.8
906.8
906.8
906.8
906.8
906.8
906.8
906.8
906.8
906.8
906.8
906.8
906.8
906.8
906.8
906.8
906.8
906.8
906.8
906.8
906.8
906.8
906.8
906.8
906.8
906.8
906.8
906.8
906.8
906.8
906.8
906.8
906.8
906.8
906.8
906.8
906.8
906.8
906.8
906.8
906.8
906.8
906.8
906.8
906.8
906.8
906.8
906.8
906.8
906.8
906.8
906.8
906.8
906.8
906.8
906.8
906.8
906.8
906.8
906.8
906.8
906.8
906.8
906.8
906.8
906.8
906.8
906.8
906.8
906.8
906.8
906.8
906.8
906.8
906.8
906.8
906.8
906.8
906.8
906.8
906.8
906.8
906.8
906.8
906.8
906.8
906.8
906.8
906.8
906.8
906.8
906.8
906.8
906.8
906.8
906.8
906.8
906.8
906.8
906.8
906.8
906.8
906.8
906.8
906.8
906.8
906.8
906.8
906.8
906.8
906.8
906.8
906.8
906.8
906.8
906.8
906.8
906.8
906.8
906.8
906.8
906.8
906.8
906.8
906.8
906.8
906.8
906.8
906.8
906.8
906.8
906.8
906.8
906.8
906.8
906.8
906.8
906.8
906.8
906.8
906.8
906.8
906.8
906.8
906.8
906.8
906.8
906.8
906.8
906.8
906.8
906.8
906.8
906.8
906.8
906.8
906.8
906.8
906.8
906.8
906.8
906.8
906.8
906.8
906.8
906.8
906.8
906.8
906.8
906.8
906.8
906.8
906.8
906.8
906.8
906.8
906.8
906.8
906.8
906.8
906.8
906.8
906.8
906.8
906.8
906.8
906.8
906.8
906.8
906.8
906.8
906.8
906.8
906.8
906.8
906.8
906.8
906.8
906.8
906.8
906.8
906.8
906.8
906.8
906.8
906.8
906.8
906.8
906.8
906.8
906.8
906.8
906.8
906.8
906.8
906.8
906.8
906.8
906.8
906.8
906.8
906.8
906.8
906.8
906.8
906.8
906.8
906.8
906.8
906.8
906.8
906.8
906.8
906.8
906.8
906.8
906.8
906.8
906.8
906.8
906.8
906.8
906.8
906.8
906.8
906.8
906.8
906.8
906.8
906.8
906.8
906.8
906.8
906.8
906.8
906.8
906.8
906.8
906.8
906.8
906.8
906.8
906.8
906.8
906.8
906.8
906.8
906.8
906.8
906.8
906.8
906.8
906.8
906.8
906.8
906.8
906.8
906.8
906.8
906.8
906.8
906.8
906.8
906.8
906.8
906.8
906.8
906.8
906.8
906.8
906.8
906.8
906.8
906.8
906.8
906.8
906.8
906.8
906.8
906.8
906.8
906.8
906.8
906.8
906.8
906.8
906.8
906.8
906.8
906.8
906.8
906.8
906.8
906.8
906.8
906.8
906.8
906.8
906.8
906.8
906.8
906.8
906.8
906.8
906.8
906.8
906.8
906.8
906.8
906.8
906.8
906.8
906.8
906.8
906.8
906.8
906.8
906.8
906.8
906.8
906.8
906.8
906.8
906.8
906.8
906.8
906.8
906.8
906.8
906.8
906.8
906.8
906.8
906.8
906.8
906.8
906.8
906.8
906.8
906.8
906.8
906.8
906.8
906.8
906.8
906.8
906.8
906.8
906.8
906.8
906.8
906.8
906.8
906.8
906.8
906.8
906.8
906.8
906.8
906.8
906.8
906.8
906.8
906.8
906.8
906.8
906.8
906.8
906.8
906.8
906.8
906.8
906.8
906.8
906.8
906.8
906.8
906.8
906.8
906.8
906.8
906.8
906.8
906.8
906.8
906.8
906.8
906.8
906.8
906.8
906.8
906.8
906.8
906.8
906.8
906.8
906.8
906.8
906.8
906.8
906.8
906.8
906.8
906.8
906.8
906.8
906.8
906.8
906.8
906.8
906.8
906.8
906.8
906.8
904.5
904.5
904.5
904.5
904.5
904.5
904.5
904.5
904.5
904.5
904.5
904.5
904.5
904.5
904.5
904.5
904.5
904.5
904.5
904.5
904.5
904.5
904.5
904.5
904.5
904.5
904.5
904.5
904.5
904.5
904.5
904.5
904.5
904.5
904.5
904.5
904.5
904.5
904.5
904.5
904.5
904.5
904.5
904.5
904.5
904.5
904.5
904.5
904.5
904.5
904.5
904.5
904.5
904.5
904.5
904.5
904.5
904.5
904.5
904.5
904.5
904.5
904.5
904.5
904.5
904.5
904.5
904.5
904.5
904.5
882.3
882.3
882.3
882.3
882.3
882.3
882.3
882.3
882.3
882.3
882.3
882.3
882.3
882.3
882.3
882.3
882.3
882.3
882.3
882.3
882.3
882.3
882.3
882.3
882.3
882.3
882.3
882.3
882.3
882.3
882.3
882.3
882.3
882.3
882.3
882.3
882.3
882.3
882.3
882.3
882.3
882.3
882.3
882.3
882.3
882.3
882.3
882.3
882.3
882.3
882.3
882.3
882.3
882.3
882.3
882.3
882.3
882.3
882.3
882.3
882.3
882.3
882.3
882.3
882.3
882.3
882.3
882.3
882.3
882.3
882.3
882.3
882.3
882.3
882.3
882.3
882.3
882.3
882.3
882.3
882.3
882.3
882.3
882.3
882.3
882.3
882.3
882.3
882.3
882.3
882.3
882.3
882.3
882.3
882.3
882.3
882.3
882.3
882.3
882.3
882.3
882.3
882.3
882.3
882.3
882.3
882.3
882.3
882.3
882.3
882.3
882.3
882.3
882.3
882.3
882.3
882.3
882.3
882.3
882.3
882.3
882.3
882.3
882.3
882.3
882.3
882.3
882.3
882.3
882.3
882.3
882.3
882.3
882.3
882.3
882.3
882.3
882.3
882.3
882.3
882.3
882.3
882.3
882.3
882.3
882.3
882.3
882.3
882.3
882.3
882.3
882.3
882.3
882.3
882.3
882.3
882.3
882.3
882.3
882.3
882.3
882.3
882.3
882.3
882.3
882.3
882.3
882.3
882.3
882.3
882.3
882.3
882.3
882.3
882.3
882.3
882.3
882.3
882.3
882.3
882.3
882.3
882.3
882.3
882.3
882.3
882.3
882.3
882.3
882.3
882.3
882.3
882.3
882.3
882.3
882.3
882.3
882.3
882.3
882.3
882.3
882.3
882.3
882.3
882.3
882.3
882.3
882.3
882.3
882.3
882.3
882.3
882.3
882.3
882.3
882.3
882.3
882.3
882.3
882.3
882.3
882.3
882.3
882.3
882.3
882.3
882.3
882.3
882.3
882.3
882.3
882.3
882.3
882.3
882.3
882.3
882.3
882.3
882.3
882.3
882.3
882.3
882.3
882.3
882.3
882.3
882.3
882.3
882.3
882.3
882.3
882.3
882.3
882.3
882.3
882.3
882.3
882.3
882.3
882.3
882.3
882.3
882.3
882.3
882.3
882.3
882.3
882.3
882.3
882.3
882.3
882.3
882.3
882.3
882.3
882.3
882.3
882.3
882.3
882.3
882.3
882.3
882.3
882.3
882.3
882.3
882.3
882.3
882.3
882.3
882.3
882.3
882.3
882.3
882.3
882.3
882.3
882.3
882.3
882.3
882.3
882.3
882.3
882.3
882.3
882.3
882.3
882.3
882.3
882.3
882.3
882.3
882.3
882.3
882.3
882.3
882.3
882.3
882.3
882.3
882.3
882.3
882.3
882.3
882.3
882.3
882.3
882.3
882.3
882.3
882.3
882.3
882.3
882.3
882.3
882.3
882.3
882.3
882.3
882.3
882.3
882.3
882.3
880.3
880.3
880.3
880.3
880.3
880.3
880.3
880.3
880.3
880.3
880.3
880.3
880.3
880.3
880.3
880.3
880.3
880.3
880.3
880.3
880.3
880.3
880.3
880.3
880.3
880.3
880.3
880.3
880.3
880.3
880.3
880.3
880.3
880.3
880.3
880.3
880.3
880.3
880.3
880.3
880.3
880.3
880.3
880.3
880.3
880.3
880.3
880.3
880.3
880.3
880.3
880.3
880.3
880.3
880.3
880.3
880.3
880.3
880.3
880.3
880.3
880.3
880.3
880.3
880.3
880.3
880.3
880.3
880.3
880.3
880.3
880.3
880.3
880.3
880.3
880.3
880.3
880.3
880.3
880.3
880.3
880.3
880.3
880.3
880.3
880.3
880.3
880.3
880.3
880.3
880.3
880.3
880.3
880.3
880.3
880.3
880.3
880.3
880.3
880.3
880.3
880.3
880.3
880.3
880.3
880.3
880.3
880.3
880.3
880.3
880.3
880.3
880.3
880.3
880.3
880.3
880.3
880.3
880.3
880.3
880.3
880.3
880.3
880.3
880.3
880.3
880.3
880.3
880.3
880.3
880.3
880.3
880.3
880.3
880.3
880.3
880.3
880.3
880.3
880.3
880.3
880.3
880.3
880.3
880.3
880.3
880.3
880.3
880.3
880.3
880.3
880.3
880.3
880.3
880.3
880.3
880.3
880.3
880.3
880.3
880.3
880.3
880.3
880.3
880.3
880.3
880.3
880.3
880.3
880.3
880.3
880.3
880.3
880.3
880.3
880.3
880.3
880.3
880.3
880.3
880.3
880.3
880.3
880.3
880.3
880.3
880.3
880.3
880.3
880.3
880.3
880.3
880.3
880.3
880.3
880.3
880.3
880.3
880.3
880.3
880.3
880.3
880.3
880.3
880.3
880.3
880.3
880.3
880.3
880.3
880.3
880.3
880.3
880.3
880.3
880.3
880.3
880.3
880.3
880.3
880.3
880.3
880.3
880.3
880.3
880.3
880.3
880.3
880.3
880.3
880.3
880.3
880.3
880.3
880.3
880.3
880.3
880.3
880.3
880.3
880.3
880.3
880.3
880.3
880.3
880.3
880.3
880.3
880.3
880.3
880.3
880.3
880.3
880.3
880.3
880.3
880.3
880.3
880.3
880.3
880.3
880.3
880.3
880.3
880.3
880.3
880.3
880.3
880.3
880.3
880.3
880.3
880.3
880.3
880.3
880.3
880.3
880.3
880.3
880.3
880.3
880.3
880.3
880.3
880.3
880.3
880.3
880.3
880.3
880.3
880.3
880.3
880.3
880.3
880.3
880.3
880.3
880.3
880.3
880.3
880.3
880.3
880.3
880.3
880.3
880.3
880.3
880.3
880.3
880.3
880.3
880.3
880.3
880.3
880.3
880.3
880.3
880.3
880.3
880.3
880.3
880.3
880.3
880.3
880.3
880.3
880.3
880.3
880.3
880.3
880.3
880.3
880.3
880.3
880.3
880.3
880.3
880.3
880.3
880.3
880.3
880.3
880.3
880.3
880.3
880.3
880.3
880.3
880.3
880.3
880.3
880.3
880.3
880.3
880.3
880.3
880.3
880.3
880.3
880.3
880.3
880.3
880.3
880.3
880.3
880.3
880.3
880.3
880.3
880.3
880.3
880.3
880.3
880.3
880.3
880.3
880.3
880.3
880.3
880.3
880.3
880.3
880.3
880.3
880.3
880.3
880.3
880.3
880.3
880.3
880.3
880.3
880.3
880.3
880.3
880.3
880.3
880.3
880.3
880.3
880.3
880.3
880.3
880.3
880.3
880.3
880.3
880.3
880.3
880.3
880.3
880.3
880.3
880.3
880.3
880.3
880.3
880.3
880.3
880.3
880.3
880.3
880.3
880.3
880.3
880.3
880.3
880.3
880.3
880.3
880.3
880.3
880.3
880.3
880.3
880.3
880.3
880.3
880.3
880.3
880.3
880.3
880.3
880.3
880.3
880.3
880.3
880.3
880.3
880.3
880.3
880.3
880.3
880.3
880.3
880.3
880.3
880.3
880.3
880.3
880.3
880.3
880.3
880.3
880.3
880.3
880.3
880.3
880.3
880.3
880.3
880.3
880.3
880.3
880.3
880.3
880.3
880.3
880.3
880.3
880.3
880.3
880.3
880.3
880.3
880.3
880.3
880.3
880.3
880.3
880.3
880.3
880.3
880.3
880.3
880.3
880.3
880.3
880.3
880.3
880.3
880.3
880.3
880.3
880.3
880.3
880.3
880.3
880.3
880.3
880.3
880.3
880.3
880.3
880.3
880.3
880.3
880.3
880.3
880.3
880.3
880.3
880.3
880.3
880.3
880.3
880.3
880.3
880.3
880.3
880.3
880.3
880.3
880.3
880.3
880.3
880.3
880.3
880.3
880.3
880.3
880.3
880.3
880.3
880.3
880.3
880.3
880.3
880.3
880.3
880.3
880.3
880.3
880.3
880.3
880.3
880.3
880.3
880.3
880.3
880.3
880.3
880.3
880.3
880.3
880.3
880.3
880.3
880.3
880.3
880.3
880.3
880.3
880.3
880.3
880.3
880.3
880.3
880.3
880.3
880.3
880.3
880.3
880.3
880.3
880.3
880.3
880.3
880.3
880.3
880.3
880.3
880.3
880.3
880.3
880.3
880.3
880.3
880.3
880.3
880.3
880.3
880.3
880.3
880.3
880.3
880.3
880.3
880.3
880.3
880.3
880.3
880.3
880.3
880.3
880.3
880.3
880.3
880.3
880.3
880.3
880.3
880.3
880.3
880.3
880.3
880.3
880.3
880.3
880.3
880.3
880.3
880.3
880.3
880.3
880.3
880.3
880.3
880.3
880.3
880.3
880.3
880.3
880.3
880.3
880.3
880.3
880.3
880.3
880.3
880.3
880.3
880.3
880.3
880.3
880.3
880.3
880.3
880.3
880.3
880.3
880.3
880.3
880.3
880.3
880.3
880.3
880.3
880.3
880.3
880.3
880.3
880.3
880.3
880.3
880.3
880.3
880.3
880.3
880.3
880.3
880.3
880.3
880.3
880.3
880.3
880.3
880.3
880.3
880.3
880.3
880.3
880.3
880.3
880.3
880.3
880.3
880.3
880.3
880.3
880.3
880.3
880.3
880.3
880.3
880.3
880.3
880.3
880.3
880.3
880.3
880.3
880.3
880.3
880.3
880.3
880.3
880.3
880.3
880.3
880.3
880.3
880.3
880.3
880.3
880.3
880.3
880.3
880.3
880.3
880.3
880.3
880.3
880.3
880.3
880.3
880.3
880.3
880.3
880.3
880.3
880.3
880.3
880.3
880.3
880.3
880.3
880.3
880.3
880.3
880.3
880.3
880.3
880.3
880.3
880.3
880.3
880.3
880.3
880.3
880.3
880.3
880.3
880.3
880.3
880.3
880.3
880.3
880.3
880.3
880.3
880.3
880.3
880.3
880.3
880.3
880.3
880.3
880.3
880.3
880.3
880.3
880.3
880.3
880.3
880.3
880.3
880.3
880.3
880.3
880.3
880.3
880.3
880.3
880.3
880.3
880.3
880.3
880.3
880.3
880.3
880.3
880.3
880.3
880.3
880.3
880.3
880.3
880.3
880.3
880.3
880.3
880.3
880.3
880.3
880.3
880.3
880.3
880.3
880.3
880.3
880.3
880.3
880.3
880.3
880.3
880.3
880.3
880.3
880.3
880.3
880.3
880.3
880.3
880.3
880.3
880.3
880.3
880.3
880.3
880.3
880.3
880.3
880.3
880.3
880.3
880.3
880.3
880.3
880.3
880.3
880.3
880.3
880.3
880.3
880.3
880.3
880.3
880.3
880.3
880.3
880.3
880.3
880.3
880.3
880.3
880.3
880.3
880.3
880.3
880.3
880.3
880.3
880.3
880.3
880.3
880.3
880.3
880.3
880.3
880.3
880.3
880.3
880.3
880.3
880.3
880.3
880.3
880.3
880.3
880.3
880.3
880.3
880.3
880.3
880.3
880.3
880.3
880.3
880.3
880.3
880.3
880.3
880.3
880.3
880.3
880.3
880.3
880.3
880.3
880.3
880.3
880.3
880.3
880.3
880.3
880.3
880.3
880.3
880.3
880.3
880.3
880.3
880.3
880.3
880.3
880.3
880.3
880.3
880.3
880.3
880.3
880.3
880.3
880.3
880.3
880.3
880.3
880.3
880.3
880.3
880.3
880.3
880.3
880.3
880.3
880.3
880.3
880.3
880.3
880.3
880.3
880.3
880.3
880.3
880.3
880.3
880.3
880.3
880.3
880.3
880.3
880.3
880.3
880.3
880.3
880.3
880.3
880.3
880.3
880.3
880.3
880.3
880.3
880.3
880.3
880.3
880.3
880.3
880.3
880.3
880.3
880.3
880.3
880.3
880.3
880.3
880.3
880.3
880.3
880.3
880.3
880.3
880.3
880.3
880.3
880.3
880.3
880.3
880.3
880.3
